1 0.000000 0.000000
2 0.000000 0.000000
3 3.283181 1.134057
4 3.963668 1.564718
5 3.722901 1.465949
6 4.120879 1.604484
7 4.101997 1.529260
8 4.180133 1.519970
9 4.176563 1.520209
10 4.214693 1.511314
11 4.122685 1.481739
12 4.050839 1.459171
13 3.959512 1.427923
14 3.879294 1.400609
15 3.799650 1.372522
16 3.728940 1.347662
17 3.661807 1.323687
18 3.600941 1.301968
19 3.543740 1.281385
#Max 1.3825362618551105
#Max 6.230695047193008
#Max 4.627742579214617
#Max 5.506537585791196
#Max 6.0674664749604075
#Max 1.951438025871231
#Max 4.887030256607274
#Max 5.330632007720589
#Max 5.118686015039506
#Max 5.448223407098896
#Max 4.765486637327358
