

205 25
174 24
1408 2
433 7
956 3
1738 2
2849 2
2148 2
700 3
1560 2
1169 3
1154 3
29 287
669 4
552 7
511 7
3699 2
392 12
1633 2
1865 2
486 6
296 17
1121 2
232 10
1512 3
1099 4
1050 4
898 4
1123 3
158 34
2410 2
503 7
2208 2
367 13
818 2
379 6
116 53
562 4
488 3
14 758
169 19
959 3
962 3
1379 2
1210 2
156 36
1131 3
1776 2
337 11
809 5
494 5
633 3
765 2
401 5
100 66
329 11
519 6
915 3
1536 2
1022 2
45 149
910 2
781 2
900 2
1289 3
1240 2
464 2
839 4
1100 5
78 98
154 38
680 2
1493 2
835 2
9 1039
1584 2
696 5
2053 4
1304 2
564 5
748 5
938 2
1051 2
1222 2
603 5
2136 2
436 8
557 3
7621 2
178 30
115 47
826 2
459 7
416 5
630 2
2209 2
593 6
644 4
460 4
626 6
2939 2
471 2
3682 2
1045 2
779 3
1344 3
2870 2
1892 2
2274 2
2448 2
2934 2
103 58
1386 3
1546 2
267 20
89 63
1940 2
6079 2
300 11
388 7
878 3
132 37
209 24
588 4
1501 2
73 91
345 7
2423 3
7 1386
2378 2
546 6
817 2
2025 3
2723 2
862 2
1187 2
307 8
1996 2
404 6
667 3
359 16
279 14
469 10
596 8
720 2
160 44
806 7
171 25
979 2
149 29
378 5
333 6
1166 2
275 15
1327 2
13 750
186 25
245 13
1182 2
933 3
1312 3
753 2
137 44
274 16
774 2
2620 2
287 11
306 10
708 6
386 10
1325 4
481 3
434 6
558 3
197 17
990 2
1211 3
556 5
482 10
640 2
676 2
2168 2
687 4
1018 2
108 65
376 9
456 5
623 4
400 10
118 50
487 4
698 4
448 4
1561 2
1730 2
161 27
598 3
1385 2
602 5
119 54
746 5
1242 2
834 2
1205 2
565 6
358 12
901 2
634 2
17 553
830 3
2321 3
1519 3
3146 2
683 4
122 46
1055 3
54 135
48 171
31 248
256 15
646 2
987 3
344 6
829 2
1010 2
1016 3
884 4
1740 2
882 3
821 3
1266 4
2925 2
2076 3
1077 4
3028 2
524 7
792 5
4761 2
60 123
22 407
264 14
288 19
97 64
179 32
1098 2
91 79
1162 2
435 7
665 3
305 16
151 29
1618 2
258 16
2497 2
1167 3
1111 3
559 3
211 28
756 2
679 3
786 4
394 8
84 94
1024 2
355 7
1389 2
347 11
812 4
1446 2
1663 3
988 3
34 261
6430 2
229 21
499 7
1436 2
422 3
563 6
1830 2
1105 3
1019 2
1671 2
466 7
755 2
452 6
409 4
429 10
1708 2
49 143
127 38
196 29
866 2
1229 3
528 6
554 5
886 5
553 5
568 5
587 4
918 6
271 14
289 12
913 2
349 6
777 3
984 2
18 561
572 5
742 2
871 6
548 2
324 9
642 8
796 3
916 2
851 4
1103 2
1090 4
625 5
1513 2
162 36
343 8
372 6
2034 2
200 16
3338 2
1374 2
852 4
74 97
847 2
419 13
2947 3
865 4
801 6
1463 2
170 28
4518 2
3643 2
761 2
864 6
814 2
1723 2
8302 2
972 2
4264 2
261 26
926 2
1788 2
5 1859
59 124
168 36
977 3
941 2
506 3
3191 2
848 2
1086 2
1172 4
627 7
704 4
251 21
286 13
1891 2
81 76
182 22
958 2
80 79
576 5
858 5
875 2
114 54
721 2
239 19
98 53
336 12
3604 2
749 3
4160 2
1454 2
189 31
53 103
397 7
153 39
383 17
1044 2
304 10
214 20
461 11
975 2
857 3
1606 4
1538 2
784 6
203 17
6060 2
310 11
752 3
514 6
176 33
65 125
172 28
575 3
1373 3
2488 2
2746 3
763 6
215 17
282 17
1623 2
52 151
805 3
772 2
585 6
744 8
750 4
312 14
955 3
130 57
833 4
620 4
480 5
1043 2
1447 2
1785 2
79 89
1057 3
51 127
126 50
242 16
515 8
479 3
1002 2
770 3
976 2
677 2
1145 4
140 36
331 12
384 6
417 9
699 6
811 4
697 2
428 14
863 2
747 2
426 6
692 2
63 113
659 5
493 8
406 7
338 12
998 2
222 15
2357 2
1006 5
501 5
24 414
1003 2
37 215
608 6
935 6
2625 2
6340 2
1351 4
262 18
303 11
221 19
2568 2
711 4
368 8
1228 2
362 10
403 4
780 4
1987 2
1001 2
550 6
1568 2
451 8
188 23
706 2
399 7
701 7
1457 2
432 9
1063 2
360 8
207 26
357 11
869 3
1814 2
719 4
807 4
128 56
369 7
159 44
77 84
318 4
1390 2
1158 2
6 1927
521 6
410 6
1526 3
703 4
458 5
431 10
522 4
1109 2
544 9
819 2
1369 2
1060 2
19 440
695 4
1046 2
293 12
56 130
93 65
740 2
365 12
1626 2
844 6
632 5
330 11
273 16
146 36
2297 2
663 2
243 18
1027 4
1004 2
4197 2
405 7
177 26
10 1177
380 11
308 12
621 2
767 5
1280 2
1698 2
1396 2
5158 2
113 43
939 2
745 2
582 7
1081 2
2769 3
117 46
166 29
635 5
1894 4
1294 2
228 15
455 12
67 118
1146 3
352 11
1630 2
366 7
2380 3
187 32
418 8
1233 2
1005 2
1398 2
163 26
123 36
783 5
101 68
823 4
1096 2
1152 3
541 7
912 4
1836 2
881 2
76 88
500 2
1082 4
1023 3
425 5
652 2
507 4
1687 2
3223 2
238 21
32 310
254 22
1795 2
139 43
465 8
1451 2
614 7
726 2
64 120
2107 3
3228 2
272 19
381 13
678 5
594 3
237 20
441 11
512 4
5088 2
370 6
2365 2
109 61
1948 3
533 4
797 4
226 13
707 2
150 38
924 4
44 225
1048 3
567 4
802 2
104 58
3635 2
1253 2
597 4
475 2
2433 2
266 10
1717 3
315 18
1645 3
309 11
709 3
1852 2
2753 2
398 9
1053 3
893 3
147 46
72 95
731 4
2474 2
124 42
181 21
90 69
491 5
1159 4
914 8
316 9
724 3
424 5
710 8
688 8
1435 2
69 103
326 9
1074 4
42 179
407 14
263 13
57 150
951 3
217 14
339 4
233 15
382 10
1360 2
294 17
2420 2
728 2
1564 2
246 20
5829 2
361 7
278 11
566 3
861 2
477 5
1147 3
853 3
837 2
107 65
224 21
102 70
1464 2
908 2
1278 2
607 3
55 130
134 45
1682 2
4233 2
364 13
838 2
430 6
4629 2
2217 2
530 4
120 35
1254 2
1605 2
193 30
131 44
949 2
385 6
2584 2
27 316
545 6
673 3
415 10
10901 2
2324 2
1490 3
1292 2
26 370
173 23
356 6
377 10
354 12
165 39
483 10
268 18
230 16
903 2
574 4
183 27
497 5
1953 2
199 21
657 3
276 10
954 2
201 20
351 7
223 13
47 170
674 3
636 6
737 3
991 3
157 41
449 7
3612 2
1058 2
2478 2
1741 3
739 6
1529 2
2623 2
757 6
1754 2
322 17
2024 2
444 7
472 8
141 39
656 5
723 7
2030 2
520 8
549 6
1226 2
340 6
23 322
420 2
1201 3
6325 2
302 9
3696 2
16 702
1559 2
8210 2
281 13
265 18
653 4
629 7
111 43
210 27
691 7
192 15
1771 2
897 3
283 13
1273 2
525 2
208 24
2982 2
269 14
191 25
1507 4
1974 2
758 3
873 3
240 16
473 6
3074 2
2762 2
537 5
2504 2
1102 2
4 2720
462 7
639 6
967 2
467 6
760 3
705 6
82 88
106 61
874 3
842 4
1889 2
155 24
738 4
1946 2
220 25
75 99
569 4
1627 3
1157 3
164 36
1133 2
849 3
495 4
41 189
637 6
484 3
87 78
650 3
1197 3
468 5
855 2
668 2
885 3
1078 2
2292 2
66 118
1116 3
1288 3
1056 2
1038 2
15 603
292 13
253 21
741 5
589 3
815 5
450 5
121 49
284 10
1144 2
867 2
641 4
142 40
611 3
2322 2
144 31
570 6
498 6
785 4
375 4
85 85
2927 2
906 3
940 3
927 4
590 2
1418 2
346 7
1285 3
766 4
950 3
773 3
319 13
609 2
969 4
1956 2
2806 2
551 5
1574 2
1267 3
1306 2
1346 2
1577 2
571 4
290 8
592 5
1127 2
11 846
25 329
299 10
917 4
175 28
145 30
599 4
540 2
2406 2
396 9
46 167
1095 2
427 7
447 8
58 125
591 3
423 2
810 3
1256 2
478 6
402 8
764 2
986 5
321 11
535 4
3982 2
982 2
70 121
277 17
185 23
350 11
180 29
1401 2
414 3
393 8
285 17
190 26
1365 3
12441 2
202 23
1601 2
314 12
1026 3
643 5
20 516
227 16
1293 2
536 7
373 8
62 134
43 172
143 40
1284 2
612 9
841 3
560 6
595 6
2852 2
996 4
1314 2
877 3
195 23
270 14
983 2
3653 2
1557 3
71 84
317 11
974 4
1194 3
446 3
978 3
9448 2
1084 3
505 11
3800 2
38 216
1079 3
1013 3
859 5
259 12
231 19
1580 4
649 4
1180 2
391 3
928 2
513 9
909 2
4241 2
1603 2
35 224
219 13
555 4
463 3
681 2
68 84
395 7
655 5
509 7
1028 4
2371 3
729 2
638 3
453 7
860 3
1375 2
5667 3
561 5
3821 2
1691 2
342 10
325 6
1394 2
485 4
628 5
1926 2
12 901
445 7
3099 2
5070 3
1066 4
1361 3
889 4
1309 3
934 2
341 6
135 40
348 6
787 5
2027 4
803 4
672 4
534 3
92 93
94 66
2421 2
689 4
1990 2
389 4
36 219
390 7
526 5
353 11
1062 2
248 19
1034 5
291 14
1232 3
937 3
413 9
311 10
1 3642
547 5
2605 2
631 6
896 3
2387 2
2538 2
968 2
1075 2
247 22
476 4
800 4
1928 2
1092 4
870 3
280 11
1203 2
297 13
440 8
516 5
30 294
1706 2
531 3
584 2
1919 2
3 2828
1097 3
2097 3
542 5
735 2
960 2
1651 2
313 13
1571 2
1141 3
8 1385
83 70
1241 2
1037 2
136 39
408 3
320 11
152 43
374 7
1357 2
1286 4
323 8
2690 2
442 11
1039 2
1673 2
125 42
539 3
28 329
167 28
502 2
1745 2
1218 2
2252 2
887 4
50 171
457 6
813 4
2353 2
1336 4
439 11
1313 2
1592 2
133 50
921 4
518 4
1659 2
771 4
715 2
617 4
1746 2
301 12
645 3
2059 2
713 2
743 3
1221 3
1598 2
2376 2
334 14
489 6
610 5
110 72
204 24
1965 2
508 3
1246 3
661 4
947 3
206 20
577 2
257 12
1071 2
212 17
99 71
1196 3
1011 2
517 6
730 2
1611 3
1119 3
684 2
40 223
504 5
61 114
733 2
879 2
1307 2
660 5
1244 3
6792 2
523 6
2102 2
454 7
387 10
1798 2
648 5
1007 5
532 3
1176 2
538 3
2713 2
759 2
470 11
2600 2
218 28
216 25
827 6
225 26
2162 2
194 23
722 6
1164 3
490 11
580 2
327 13
922 4
2 3920
876 6
250 24
496 6
619 3
21 388
112 58
2440 2
601 7
255 14
88 87
651 4
363 10
581 5
335 11
854 2
184 18
799 6
474 9
1333 3
843 2
3688 2
662 3
138 51
1646 3
2334 2
993 3
437 2
1688 2
1610 2
964 4
236 20
769 4
213 11
438 3
654 2
1400 2
798 2
1124 2
260 19
371 8
618 4
820 5
1826 2
105 62
1452 3
1966 2
578 2
658 2
1409 2
529 5
252 17
249 12
328 14
332 10
664 5
96 68
198 25
600 2
95 67
86 81
606 5
604 3
443 11
732 4
1296 2
905 2
39 207
694 3
1613 3
2323 2
7687 2
412 5
244 22
1491 2
573 4
6665 2
714 7
33 218
613 4
622 5
666 4
234 25
411 9
298 10
129 43
148 26
295 11
586 6
2154 3
235 19
2412 2
241 13
492 4
2123 2
686 2
1340 2
1720 3


# 2 - 7621 (AS)
#