 6.881411 1.386294
  6.115892 1.945910
  6.890609 0.693147
  6.641182 1.386294
  6.504288 0.693147
  6.966024 0.693147
  7.229114 0.693147
  6.530878 0.693147
  5.817111 2.484907
  5.081404 3.295837
  5.247024 3.258097
  5.991465 2.302585
  6.226537 1.098612
  6.729824 0.693147
  7.351800 0.693147
  6.769642 1.791759
  7.127694 1.098612
  6.459904 1.791759
  6.467699 1.386294
  6.699500 1.386294
  6.282267 1.386294
  7.160846 1.098612
  7.703910 0.693147
  6.390241 2.079442
  6.232448 1.945910
  5.488938 2.772589
  6.171701 1.098612
  5.075174 3.784190
  6.354370 1.098612
  6.933423 1.098612
  6.695799 1.609438
  4.532599 4.174387
  7.774015 0.693147
  7.280008 0.693147
  4.564348 4.219508
  6.778785 0.693147
  7.165493 0.693147
  8.113127 0.693147
  8.015658 0.693147
  6.037871 2.564949
  3.637586 5.375278
  7.204893 0.693147
  6.198479 1.386294
  6.833032 0.693147
  5.583496 2.302585
  7.249926 0.693147
  2.708050 6.401917
  5.762051 1.386294
  6.416732 2.197225
  6.196444 1.609438
  5.641907 2.833213
  7.307202 0.693147
  7.384610 1.098612
  5.509388 3.091042
  6.040255 0.693147
  5.986452 2.197225
  6.690842 1.098612
  6.891626 0.693147
  7.897296 0.693147
  7.487174 0.693147
  6.439350 1.791759
  6.735780 1.386294
  6.799056 1.098612
  6.931472 0.693147
  4.158883 4.787492
  5.783825 1.791759
  3.583519 5.389072
  6.617403 1.609438
  6.606650 0.693147
  5.840642 1.791759
  7.159292 1.386294
  7.062192 1.098612
  7.681560 0.693147
  6.981935 1.386294
  7.985825 0.693147
  6.431331 0.693147
  7.321850 0.693147
  5.043425 3.178054
  6.033086 2.197225
  6.818924 1.098612
  4.290459 4.510860
  6.274762 1.098612
  7.791523 0.693147
  4.804021 3.828641
  5.117994 3.332205
  6.930495 1.098612
  7.796880 0.693147
  6.098074 1.945910
  6.767343 1.098612
  7.955776 0.693147
  6.732211 1.386294
  8.078068 0.693147
  5.192957 3.367296
  5.631212 2.639057
  6.685861 1.791759
  4.615121 4.219508
  6.812345 0.693147
  6.758095 0.693147
  6.620073 1.386294
  5.365976 2.995732
  6.985642 0.693147
  7.030857 1.098612
  7.962067 0.693147
  5.905362 2.564949
  5.010635 3.637586
  6.857514 1.098612
  7.002156 1.386294
  6.784457 1.386294
  6.371612 1.791759
  2.564949 6.620073
  5.267858 3.135494
  6.220590 1.945910
  5.153292 3.135494
  4.718499 4.060443
  6.129050 1.945910
  6.240276 2.197225
  7.464510 0.693147
  5.135798 3.332205
  6.771936 1.098612
  6.400257 1.609438
  6.862758 1.098612
  5.361292 2.397895
  6.287859 1.098612
  6.063785 1.791759
  6.111467 2.079442
  5.590987 2.890372
  4.382027 4.369448
  7.113142 0.693147
  5.575949 2.639057
  5.241747 3.433987
  6.300786 1.791759
  6.222576 1.609438
  6.954639 1.098612
  6.150603 2.302585
  5.480639 2.772589
  6.626718 0.693147
  5.863631 2.397895
  5.472271 3.044522
  8.030735 0.693147
  6.543912 1.386294
  6.091310 2.397895
  6.608001 1.609438
  5.966147 1.945910
  8.038835 0.693147
  6.926577 0.693147
  5.805135 2.302585
  7.059618 1.098612
  6.716595 0.693147
  7.379632 0.693147
  7.433075 0.693147
  4.828314 3.737670
  8.468213 0.693147
  7.213032 0.693147
  6.976348 0.693147
  6.747587 1.386294
  6.762730 1.386294
  7.749753 1.098612
  6.883463 0.693147
  6.124683 1.791759
  5.983936 1.945910
  7.154615 0.693147
  5.777652 2.079442
  6.802395 0.693147
  6.291569 0.693147
  6.487684 1.098612
  7.774856 1.098612
  8.350666 0.693147
  7.276556 0.693147
  5.351858 3.332205
  3.761200 5.147494
  4.553877 4.204693
  5.056246 3.713572
  5.370638 2.833213
  5.093750 3.258097
  7.215975 1.098612
  7.650645 0.693147
  3.332205 5.796058
  5.707110 2.484907
  5.666427 2.484907
  7.044033 1.098612
  6.967909 0.693147
  4.248495 4.795791
  5.332719 3.258097
  6.395262 1.386294
  7.288928 0.693147
  6.311735 1.609438
  5.814131 2.397895
  5.513429 2.944439
  6.347389 1.386294
  6.944087 0.693147
  5.883322 2.772589
  4.997212 3.258097
  6.709304 1.609438
  2.639057 6.630683
  3.178054 6.025866
  6.475433 1.386294
  7.448334 1.098612
  7.079184 0.693147
  6.469250 1.098612
  6.442540 1.609438
  4.624973 4.248495
  5.774552 2.833213
  6.624065 0.693147
  5.594711 2.639057
  6.167516 1.609438
  7.092574 0.693147
  5.209486 3.295837
  7.005789 0.693147
  6.551080 1.098612
  6.456770 1.791759
  7.352441 0.693147
  4.454347 4.394449
  6.822197 1.791759
  5.981414 2.197225
  9.013108 0.693147
  6.008813 2.639057
  6.018593 2.197225
  6.006353 1.945910
  4.110874 4.736198
  6.821107 1.386294
  5.811141 2.639057
  6.338594 1.098612
  6.523562 0.693147
  7.073270 0.693147
  4.912655 3.663562
  4.836282 3.912023
  6.228511 1.386294
  6.893656 1.609438
  5.537334 3.091042
  5.030438 3.663562
  6.552508 1.945910
  6.879356 0.693147
  6.293419 1.945910
  6.727432 0.693147
  6.811244 0.693147
  6.650279 1.098612
  6.177944 2.302585
  5.616771 2.708050
  8.342125 0.693147
  4.990433 3.828641
  5.723585 2.302585
  6.095825 1.945910
  6.463029 1.386294
  2.890372 6.329721
  4.262680 4.430817
  6.968850 0.693147
  5.176150 3.258097
  3.891820 4.962845
  6.306275 0.693147
  6.548219 1.386294
  6.186209 1.791759
  6.535241 1.386294
  6.609349 0.693147
  5.278115 3.367296
  6.998510 0.693147
  4.060443 4.828314
  7.396335 0.693147
  6.122493 1.609438
  7.729296 0.693147
  8.642415 1.098612
  7.465083 0.693147
  6.084499 2.397895
  4.682131 4.174387
  6.630683 1.098612
  5.793014 2.639057
  5.683580 2.833213
  7.392032 0.693147
  8.215818 0.693147
  6.532334 1.386294
  6.455199 1.791759
  5.283204 2.833213
  6.790097 1.386294
  6.280396 1.098612
  6.263398 0.693147
  6.461468 0.693147
  7.815207 0.693147
  7.069874 0.693147
  5.602119 2.639057
  5.298317 2.772589
  5.560682 2.944439
  6.137727 1.098612
  6.941190 1.609438
  7.675082 1.098612
  5.459586 2.944439
  6.335054 1.609438
  5.963579 1.386294
  6.820016 0.693147
  6.909753 0.693147
  5.433722 3.044522
  6.580639 0.693147
  6.513230 1.098612
  7.000334 1.098612
  6.898715 1.098612
  6.159095 1.791759
  6.401917 1.609438
  6.131226 1.386294
  7.189168 1.386294
  6.648985 0.693147
  6.817831 2.079442
  7.825645 0.693147
  6.386879 1.098612
  6.864848 0.693147
  6.025866 1.098612
  5.003946 3.367296
  6.800170 1.386294
  6.322565 1.098612
  6.980076 0.693147
  4.983607 3.583519
  5.141664 3.218876
  6.481577 1.386294
  6.200509 2.079442
  6.642487 1.609438
  7.923710 0.693147
  5.129899 2.944439
  4.356709 4.584967
  7.416378 1.098612
  6.329721 1.609438
  7.013016 1.098612
  5.736572 2.397895
  6.516193 0.693147
  7.157735 0.693147
  5.220356 3.135494
  7.280697 1.098612
  6.869014 1.098612
  6.809039 1.098612
  6.846943 0.693147
  6.633318 1.098612
  8.415825 0.693147
  6.563856 1.098612
  7.771067 1.098612
  6.246107 1.609438
  5.932245 2.302585
  7.469654 0.693147
  8.670601 0.693147
  5.826000 1.386294
  7.765145 0.693147
  7.225481 0.693147
  6.949856 0.693147
  6.964136 0.693147
  5.926926 1.386294
  4.330733 4.477337
  5.823046 2.484907
  7.660585 0.693147
  7.594381 0.693147
  7.074963 0.693147
  5.308268 3.135494
  5.808142 1.791759
  6.983790 1.098612
  6.842683 1.098612
  7.383989 0.693147
  6.856462 1.098612
  6.582025 1.791759
  6.317165 1.609438
  6.990257 0.693147
  5.802118 2.484907
  2.397895 6.740519
  4.343805 4.430817
  6.884487 1.098612
  3.951244 5.017280
  6.218600 0.693147
  5.796058 2.397895
  7.792762 1.098612
  3.610918 5.370638
  5.648974 2.302585
  6.845880 1.098612
  6.426488 1.386294
  6.687109 0.693147
  7.332369 0.693147
  5.934894 1.609438
  7.905810 0.693147
  6.572283 0.693147
  4.442651 4.442651
  6.021023 1.609438
  5.036953 3.637586
  7.367709 0.693147
  4.127134 4.897840
  6.484635 1.609438
  5.424950 2.772589
  7.116394 1.098612
  7.158514 1.098612
  6.605298 1.791759
  7.431300 0.693147
  7.133296 0.693147
  4.499810 4.234107
  5.976351 2.079442
  4.143135 4.727388
  7.872074 0.693147
  6.680855 1.386294
  6.885510 1.098612
  6.466145 1.609438
  6.381816 1.098612
  5.945421 2.302585
  6.139885 0.693147
  5.384495 3.332205
  5.529429 2.833213
  6.077642 2.079442
  6.744059 1.098612
  7.479300 0.693147
  6.838405 1.098612
  7.627057 1.386294
  7.865188 0.693147
  4.584967 3.970292
  7.242798 0.693147
  6.748760 1.098612
  3.433987 5.513429
  4.779123 3.988984
  5.831882 1.791759
  6.278521 1.386294
  4.941642 3.583519
  5.837730 2.079442
  7.803027 0.693147
  6.269096 1.791759
  6.866933 0.693147
  8.823501 0.693147
  4.890349 3.912023
  6.261492 1.945910
  7.054450 0.693147
  6.126869 1.609438
  6.236370 1.945910
  4.875197 3.784190
  7.427739 0.693147
  7.237059 0.693147
  5.262690 3.401197
  6.249975 1.386294
  6.612041 2.079442
  7.648263 1.098612
  7.177019 1.098612
  5.231109 3.465736
  6.988413 1.098612
  7.678789 0.693147
  3.737670 5.187386
  4.234107 4.634729
  7.277248 0.693147
  6.542472 1.098612
  5.062595 3.526361
  5.998937 1.386294
  7.488853 0.693147
  6.946014 0.693147
  6.331502 1.386294
  6.925595 0.693147
  7.123673 0.693147
  7.672292 0.693147
  6.452049 0.693147
  4.543295 4.189655
  6.135565 1.945910
  7.317876 1.386294
  5.958425 2.302585
  6.418365 1.386294
  6.693324 1.386294
  6.520621 1.098612
  5.968708 1.098612
  6.610696 1.098612
  6.340359 1.386294
  5.929589 2.197225
  6.655440 1.098612
  7.135687 0.693147
  8.000349 0.693147
  6.068426 2.197225
  7.284135 0.693147
  3.218876 5.796058
  7.393878 0.693147
  6.045005 1.098612
  6.161207 2.197225
  7.614312 1.386294
  5.676754 2.564949
  5.579730 2.890372
  6.934397 1.386294
  5.710427 2.197225
  6.380123 0.693147
  4.477337 4.465908
  6.192362 1.791759
  7.482119 0.693147
  5.068904 3.784190
  5.634790 2.397895
  5.442418 2.944439
  7.308543 0.693147
  7.153052 0.693147
  5.587249 2.995732
  6.352629 1.386294
  6.533789 2.079442
  5.493061 2.890372
  3.496508 5.384495
  6.993933 1.386294
  2.302585 7.070724
  6.224558 2.397895
  7.350516 1.098612
  8.192017 0.693147
  3.784190 5.416100
  6.403574 1.098612
  6.911747 0.693147
  7.422374 0.693147
  7.122867 0.693147
  3.970292 4.634729
  5.572154 2.564949
  5.973810 2.079442
  8.248267 0.693147
  6.107023 1.945910
  6.935370 1.386294
  8.709465 0.693147
  6.212606 1.945910
  6.679599 1.098612
  6.721426 1.098612
  6.464588 2.079442
  6.148468 1.609438
  6.918695 0.693147
  4.976734 3.401197
  6.146329 1.791759
  5.420535 2.564949
  6.398595 1.945910
  6.962243 0.693147
  5.948035 2.833213
  7.613325 1.098612
  7.737180 0.693147
  5.598422 2.639057
  6.054439 1.791759
  7.666690 0.693147
  6.003887 1.945910
  7.117206 0.693147
  5.337538 3.178054
  5.955837 2.302585
  6.013715 1.386294
  4.521789 4.532599
  5.913503 1.791759
  7.503290 0.693147
  8.203304 0.693147
  7.559559 0.693147
  4.394449 4.330733
  6.415097 1.098612
  6.622736 1.098612
  5.891644 2.302585
  6.565265 2.079442
  6.665684 1.386294
  7.617760 0.693147
  3.401197 5.683580
  5.855072 1.791759
  7.355002 0.693147
  5.652489 2.833213
  8.242756 0.693147
  7.001246 0.693147
  6.559615 0.693147
  4.276666 4.553877
  5.375278 3.218876
  7.406103 1.098612
  5.924256 1.945910
  6.556778 1.386294
  6.298949 2.197225
  5.521461 3.178054
  6.736967 0.693147
  6.259581 1.791759
  4.795791 3.891820
  6.614726 1.609438
  4.812184 3.583519
  7.043160 1.386294
  6.257668 1.386294
  6.517671 0.693147
  7.437206 0.693147
  6.180017 2.302585
  7.365180 1.386294
  5.609472 2.772589
  6.583409 1.945910
  6.787845 1.386294
  5.877736 2.397895
  6.486161 1.609438
  5.342334 3.178054
  9.024252 0.693147
  5.971262 2.484907
  3.135494 5.774552
  6.373320 1.791759
  7.244942 0.693147
  8.068090 0.693147
  7.226209 0.693147
  7.788212 0.693147
  6.825460 1.386294
  7.583756 0.693147
  7.021976 0.693147
  6.618739 1.098612
  6.549651 1.791759
  5.164786 3.332205
  5.993961 1.609438
  4.204693 4.770685
  7.357556 0.693147
  7.085064 1.098612
  5.288267 3.218876
  6.272877 1.386294
  5.874931 1.791759
  6.712956 1.386294
  4.770685 3.912023
  6.364751 1.609438
  7.850883 0.693147
  2.079442 7.233455
  4.700480 4.276666
  6.336826 1.791759
  6.156979 2.079442
  6.634633 0.693147
  4.465908 4.356709
  6.501290 1.386294
  6.697034 1.098612
  4.605170 4.189655
  6.396930 0.693147
  7.388946 0.693147
  5.852202 1.791759
  2.944439 6.086775
  6.238325 1.386294
  5.843544 1.945910
  7.512071 0.693147
  6.458338 1.098612
  7.509883 0.693147
  7.007601 1.098612
  8.053887 0.693147
  4.025352 4.867534
  5.187386 3.465736
  5.752573 2.890372
  6.175867 1.098612
  7.057898 0.693147
  6.710523 1.098612
  6.343880 1.386294
  6.100319 1.098612
  7.053586 1.098612
  4.304065 4.574711
  7.111512 0.693147
  6.302619 1.791759
  7.430707 0.693147
  5.834811 2.302585
  5.739793 2.302585
  5.541264 2.639057
  7.564238 0.693147
  4.762174 3.828641
  7.149132 0.693147
  8.189800 0.693147
  6.684612 1.386294
  7.098376 0.693147
  4.882802 3.610918
  6.173786 1.609438
  5.627621 2.397895
  6.393591 1.098612
  6.734592 1.098612
  7.042286 0.693147
  6.388561 1.791759
  5.942799 2.564949
  8.534640 0.693147
  7.563201 0.693147
  6.184149 1.386294
  5.978886 1.945910
  8.333270 0.693147
  6.908755 0.693147
  6.828712 1.386294
  6.659294 1.386294
  6.440947 1.945910
  8.938663 0.693147
  5.505332 2.995732
  7.197435 1.386294
  7.413970 0.693147
  6.786717 1.609438
  7.164720 0.693147
  7.570443 0.693147
  6.777647 1.098612
  3.526361 5.564520
  5.921578 2.079442
  7.799753 0.693147
  6.781058 0.693147
  5.545177 2.708050
  4.595120 4.262680
  6.629363 1.791759
  5.720312 2.772589
  6.754604 1.609438
  6.483107 0.693147
  6.480045 0.693147
  3.044522 5.961005
  5.605802 2.944439
  6.761573 1.791759
  6.120297 2.484907
  5.916202 2.079442
  6.831954 1.386294
  7.094235 0.693147
  6.265301 1.609438
  7.321189 1.098612
  6.803505 0.693147
  7.023759 1.098612
  6.242223 1.791759
  6.577861 1.386294
  6.366470 1.945910
  6.470800 0.693147
  6.594413 1.386294
  6.929517 0.693147
  6.570883 1.945910
  7.200425 0.693147
  8.212840 0.693147
  7.050989 1.098612
  6.406880 1.609438
  6.030685 1.609438
  5.416100 3.258097
  6.886532 0.693147
  6.490724 1.609438
  6.889591 0.693147
  5.327876 2.995732
  5.533389 3.044522
  6.647688 1.386294
  6.079933 0.693147
  5.768321 2.397895
  6.478510 1.386294
  6.561031 0.693147
  7.221836 0.693147
  6.519147 1.609438
  8.079618 0.693147
  5.236442 3.135494
  6.495266 1.098612
  7.750615 0.693147
  7.208600 1.386294
  4.905275 3.688879
  5.940171 2.397895
  7.353082 0.693147
  7.239933 0.693147
  6.768493 1.098612
  5.517453 2.484907
  4.753590 3.970292
  7.330405 1.098612
  6.208590 1.609438
  6.874198 0.693147
  6.639876 0.693147
  6.318968 1.386294
  6.666957 1.386294
  7.233455 0.693147
  4.787492 3.555348
  5.159055 3.178054
  5.389072 2.564949
  5.860786 1.945910
  3.663562 5.332719
  6.638568 0.693147
  7.107425 1.098612
  7.086738 1.098612
  7.306531 1.098612
  4.820282 3.737670
  6.276643 1.098612
  6.049733 1.609438
  7.546446 1.386294
  7.163947 0.693147
  6.999422 0.693147
  6.453625 1.609438
  7.394493 1.098612
  6.749931 0.693147
  6.882437 0.693147
  7.653020 1.098612
  6.154858 0.693147
  5.908083 2.079442
  6.774224 0.693147
  6.093570 2.397895
  7.027315 0.693147
  6.912743 0.693147
  5.673323 2.639057
  6.646391 1.098612
  7.190676 0.693147
  2.772589 6.553933
  5.147494 3.332205
  4.418841 4.248495
  6.163315 0.693147
  6.118097 1.945910
  5.730100 2.484907
  6.860664 0.693147
  6.251904 1.791759
  4.934474 3.761200
  6.539586 0.693147
  5.123964 3.583519
  5.252273 3.218876
  6.206576 1.791759
  7.699842 0.693147
  6.216606 1.609438
  8.200563 0.693147
  7.020191 1.098612
  8.357963 0.693147
  5.786897 2.197225
  6.705639 0.693147
  6.526495 1.386294
  7.870930 0.693147
  6.587550 0.693147
  5.017280 3.367296
  6.496775 0.693147
  6.597146 0.693147
  7.124478 0.693147
  6.956545 1.386294
  5.318120 3.178054
  5.613128 2.772589
  6.244167 2.079442
  6.591674 0.693147
  6.683361 1.791759
  5.645447 2.564949
  4.317488 4.595120
  7.268920 0.693147
  6.001415 1.791759
  7.755339 0.693147
  3.367296 5.659482
  7.981050 0.693147
  6.746412 1.386294
  8.531096 1.098612
  5.828946 1.791759
  6.511745 1.098612
  3.688879 5.407172
  5.894403 2.302585
  6.489205 0.693147
  5.771441 2.397895
  6.599870 0.693147
  6.444131 1.945910
  6.756932 1.098612
  6.182085 1.098612
  6.056784 1.945910
  5.880533 2.484907
  6.089045 2.397895
  6.356108 1.609438
  6.133398 2.397895
  6.546785 0.693147
  7.739359 0.693147
  6.971669 1.386294
  6.952729 0.693147
  9.428753 0.693147
  6.876265 1.386294
  4.744932 3.850148
  8.712595 0.693147
  7.288244 0.693147
  6.706862 0.693147
  7.545390 0.693147
  6.378426 1.098612
  7.577122 0.693147
  6.645091 1.386294
  6.785588 1.098612
  6.284134 1.945910
  6.308098 1.791759
  5.717028 2.302585
  7.376508 0.693147
  7.544861 0.693147
  5.743003 2.639057
  7.863267 0.693147
  6.945051 0.693147
  5.950643 1.791759
  5.402677 2.708050
  5.902633 1.945910
  7.587817 0.693147
  6.861711 1.098612
  5.257495 2.708050
  6.741701 0.693147
  6.579251 0.693147
  7.175490 0.693147
  6.194405 2.397895
  5.398163 2.944439
  6.905753 0.693147
  5.686975 2.397895
  5.789960 2.564949
  5.659482 2.397895
  6.590301 0.693147
  1.945910 7.234177
  5.552960 2.772589
  6.765039 0.693147
  5.869297 2.484907
  5.680173 2.484907
  6.815640 1.386294
  5.765191 2.564949
  6.871091 1.386294
  3.555348 5.411646
  7.090910 1.098612
  5.525453 3.044522
  7.174724 0.693147
  4.510860 4.369448
  7.421178 0.693147
  6.895683 1.098612
  6.375025 1.386294
  5.111988 3.367296
  7.791936 0.693147
  6.270988 1.609438
  1.098612 7.947325
  7.920447 0.693147
  6.763885 0.693147
  5.214936 2.890372
  5.849325 2.397895
  6.169611 1.791759
  4.955827 3.688879
  6.903747 1.386294
  6.342121 1.609438
  5.476464 2.944439
  6.843750 0.693147
  7.839132 0.693147
  6.951772 0.693147
  5.204007 3.091042
  6.066108 2.302585
  3.465736 5.736572
  7.785721 0.693147
  4.736198 3.988984
  7.215240 0.693147
  7.236339 0.693147
  6.703188 1.609438
  7.250636 0.693147
  5.713733 2.397895
  7.461640 0.693147
  6.855409 0.693147
  5.323010 3.218876
  7.343426 0.693147
  6.628041 0.693147
  7.700295 0.693147
  6.363028 0.693147
  5.758902 2.397895
  4.653960 4.127134
  7.161622 1.098612
  6.102559 2.079442
  5.799093 2.397895
  6.616065 0.693147
  6.986566 1.386294
  6.350886 1.386294
  6.023448 2.197225
  7.055313 1.386294
  5.497168 3.091042
  6.923629 1.098612
  7.988543 1.098612
  5.899897 2.484907
  5.755742 2.197225
  6.011267 1.098612
  6.505784 1.386294
  7.492760 0.693147
  2.197225 6.946014
  5.937536 1.791759
  1.609438 7.527794
  6.875232 0.693147
  7.813592 0.693147
  6.210600 1.791759
  7.325808 1.098612
  2.833213 6.315358
  7.573531 0.693147
  5.181784 3.401197
  4.962845 3.688879
  4.634729 4.060443
  6.701960 0.693147
  6.204558 1.386294
  6.059123 2.639057
  7.126087 1.098612
  5.746203 2.564949
  6.527958 0.693147
  7.857094 0.693147
  4.927254 3.931826
  5.961005 1.945910
  7.777793 0.693147
  5.198497 3.044522
  7.108244 0.693147
  5.624018 2.833213
  7.224753 1.098612
  5.273000 3.135494
  8.754634 0.693147
  5.225747 3.218876
  5.703782 2.397895
  7.044905 1.098612
  6.295266 1.609438
  7.398174 0.693147
  5.393628 3.218876
  6.753438 1.098612
  5.953243 1.791759
  7.719574 0.693147
  6.651572 0.693147
  5.463832 2.995732
  8.289539 0.693147
  7.543803 0.693147
  7.638198 1.098612
  5.897154 2.564949
  5.669881 2.079442
  6.668228 1.609438
  6.807935 0.693147
  3.828641 5.117994
  6.682109 0.693147
  7.372746 0.693147
  6.920672 1.098612
  7.405496 1.098612
  6.726233 0.693147
  6.773080 1.098612
  5.407172 2.564949
  6.595781 1.386294
  6.742881 0.693147
  6.320768 1.609438
  6.165418 1.386294
  6.797940 1.098612
  5.846439 1.945910
  7.822845 0.693147
  4.709530 3.761200
  7.926242 1.098612
  0.000000 8.200288
  5.662960 2.944439
  7.450080 1.098612
  4.219508 4.430817
  6.142037 2.079442
  6.698268 1.386294
  7.939515 0.693147
  3.091042 6.008813
  4.644391 4.060443
  7.981733 0.693147
  3.295837 5.755742
  7.061334 0.693147
  6.214608 0.693147
  7.017506 1.098612
  8.804625 0.693147
  6.910751 0.693147
  7.441907 0.693147
  7.750184 0.693147
  8.752265 0.693147
  6.499787 1.098612
  6.086775 2.079442
  7.049255 1.098612
  7.583248 0.693147
  3.713572 5.241747
  7.629976 0.693147
  3.806662 5.003946
  7.381502 1.386294
  7.595890 0.693147
  7.615791 0.693147
  6.566672 1.386294
  6.445720 0.693147
  6.413459 1.609438
  5.620401 2.302585
  6.663133 1.609438
  5.438079 2.772589
  6.751101 0.693147
  6.313548 1.945910
  6.522093 0.693147
  7.455877 0.693147
  6.492240 1.609438
  6.738152 1.791759
  7.338238 0.693147
  5.484797 2.564949
  6.688355 1.386294
  7.004882 0.693147
  6.720220 0.693147
  7.257003 0.693147
  8.548304 0.693147
  7.598900 0.693147
  6.326149 1.098612
  4.919981 3.784190
  7.234177 1.098612
  7.385851 1.098612
  6.914731 1.609438
  6.502790 1.098612
  4.189655 4.770685
  5.780744 2.197225
  4.094345 4.812184
  5.918894 1.791759
  5.726848 2.079442
  5.866468 2.397895
  7.451822 0.693147
  7.313887 0.693147
  6.637258 1.791759
  8.198364 0.693147
  4.043051 5.010635
  8.440096 0.693147
  2.484907 6.803505
  6.437752 1.609438
  5.910797 1.945910
  6.434547 1.386294
  6.794587 1.098612
  7.173192 0.693147
  6.664409 1.791759
  5.564520 3.258097
  6.813445 0.693147
  6.545350 1.609438
  6.333280 1.791759
  7.039660 1.098612
  6.369901 0.693147
  5.087596 3.583519
  6.432940 1.609438
  5.049856 3.583519
  5.293305 3.044522
  6.047372 0.693147
  4.672829 4.174387
  6.410175 1.791759
  5.733341 2.397895
  7.954723 0.693147
  7.099202 1.098612
  3.931826 4.844187
  6.309918 1.791759
  5.446737 2.302585
  7.984122 0.693147
  7.531016 0.693147
  7.773174 0.693147
  6.830874 0.693147
  6.538140 1.945910
  6.562444 1.791759
  8.352554 0.693147
  4.574711 4.158883
  6.473891 1.609438
  6.700731 1.386294
  7.143618 1.386294
  6.202536 1.609438
  6.593045 0.693147
  6.569481 0.693147
  7.024649 0.693147
  7.104965 0.693147
  6.865891 1.098612
  6.961296 1.098612
  4.897840 3.806662
  7.751045 0.693147
  8.215006 0.693147
  6.304449 1.609438
  6.498282 1.609438
  6.979145 1.386294
  6.359574 0.693147
  6.255750 1.791759
  6.345636 1.791759
  7.218910 1.098612
  4.406719 4.477337
  9.153558 0.693147
  7.574558 1.098612
  6.073045 1.791759
  2.995732 6.246107
  5.099866 3.583519
  6.424869 1.386294
  6.782192 1.098612
  6.248043 1.791759
  6.113682 1.791759
  6.190315 1.098612
  6.385194 1.791759
  7.063904 1.098612
  7.167038 0.693147
  7.917901 1.098612
  6.357842 0.693147
  3.988984 4.905275
  4.663439 4.110874
  5.888878 1.945910
  4.969813 3.433987
  6.391917 1.386294
  5.872118 1.945910
  7.269617 0.693147
  6.658011 1.098612
  5.749393 2.484907
  6.839476 0.693147
  6.613384 0.693147
  4.948760 3.663562
  5.988961 1.945910
  6.289716 1.098612
  4.007333 4.867534
  6.840547 1.791759
  5.313206 2.833213
  5.356586 2.833213
  6.584791 1.098612
  6.450470 1.098612
  5.023881 3.761200
  4.174387 4.828314
  9.296610 0.693147
  5.700444 2.302585
  0.693147 8.273847
  6.253829 2.079442
  6.144186 1.945910
  5.886104 2.079442
  6.109248 1.609438
  7.872836 0.693147
  7.241366 0.693147
  4.691348 4.110874
  5.820083 2.397895
  7.113956 1.098612
  7.003065 1.609438
  6.900731 1.098612
  7.378384 0.693147
  7.909489 0.693147
  6.917706 0.693147
  4.844187 3.637586
  5.996452 2.079442
  4.488636 4.143135
  7.359468 0.693147
  5.451038 2.708050
  6.315358 1.609438
  5.857933 2.397895
  8.211211 0.693147
  7.032624 0.693147
  6.028279 2.302585
  6.692084 1.945910
  6.188264 1.386294
  7.768533 0.693147
  7.087574 1.098612
  4.369448 4.488636
  4.430817 4.543295
  5.468060 2.995732
  6.826545 1.386294
  6.230481 1.098612
  7.361375 0.693147
  6.447306 1.791759
  7.409136 0.693147
  7.282074 0.693147
  3.850148 5.135798
  4.727388 3.761200
  5.347108 3.295837
  6.383507 1.609438
  6.082219 1.098612
  6.327937 1.791759
  7.515345 0.693147
  6.957497 0.693147
  6.816736 0.693147
  6.674561 1.609438
  6.285998 1.609438
  6.075346 1.945910
  7.380879 0.693147
  6.603944 1.386294
  5.655992 2.564949
  6.070738 1.945910
  6.419995 1.945910
  7.180831 0.693147
  7.578657 0.693147
  6.061457 2.302585
  3.871201 5.141664
  3.912023 5.141664
  6.104793 1.386294
  6.411818 0.693147
  7.011214 0.693147
  7.180070 0.693147
  6.555357 1.386294
  6.959399 1.098612
  6.016157 1.791759
  5.549076 2.484907
  6.632002 0.693147
  6.982863 0.693147
  6.035481 2.079442
  4.867534 4.043051
  6.759255 0.693147
  6.429719 1.386294
  6.963190 1.098612
  6.324359 1.098612
  8.947286 0.693147
  7.144407 1.098612
  6.708084 0.693147
  4.859812 3.761200
  5.638355 2.564949
  7.787382 0.693147
  5.693732 2.564949
  5.690359 2.833213
  6.052089 1.609438
  7.494430 0.693147
  1.791759 7.563720
  5.411646 3.044522
  7.819234 0.693147
  5.697093 2.302585
  7.363280 0.693147
  6.448889 1.609438
  5.501258 2.564949
  6.558198 1.791759
  6.805723 0.693147
  6.844815 0.693147
  5.105945 3.663562
  6.760415 0.693147
  6.152733 2.397895
  3.258097 5.913503
  6.349139 1.609438
  5.303305 2.995732
  5.429346 2.708050
  7.336937 0.693147
  8.768730 0.693147
  6.755769 1.609438
  4.852030 4.025352
  5.170484 3.496508
  7.244228 0.693147
  6.853299 1.098612
  6.725034 1.386294
  6.913737 1.609438
  7.066467 1.386294
  7.203406 1.098612
  7.443078 0.693147
  6.894670 1.098612
  6.995766 1.386294
  7.460490 0.693147
  7.195187 1.098612
  6.776507 1.098612
  1.386294 7.908387
  7.179308 1.098612
  5.568345 2.890372
  6.775366 1.791759
  6.602588 1.098612
  7.462215 1.098612
  5.455321 3.218876
  6.476972 1.098612
  6.376727 1.386294
  5.556828 2.484907
  7.763446 0.693147
  7.612831 0.693147
  7.134094 0.693147
  4.077537 4.820282
  6.428105 1.098612
  6.950815 0.693147
  7.524021 0.693147
  6.408529 1.098612
  5.379897 2.639057
  6.731018 0.693147
  6.717805 1.791759
  6.510258 1.386294
  6.897705 0.693147
  6.493754 1.386294
  6.660575 0.693147

#Effective dimension as average <k_out>/2 = 51.671902