

 8.145260 0.693147
  8.274357 0.693147
  5.572154 5.105945
  6.745236 3.401197
  7.134094 1.791759
  6.996681 2.833213
  7.684784 1.386294
  6.827629 2.995732
  6.891626 2.772589
  6.793466 2.639057
  6.579251 3.465736
  7.627057 0.693147
  6.073045 4.158883
  6.450470 3.526361
  7.730175 0.693147
  7.766417 0.693147
  6.825460 3.091042
  4.820282 6.342121
  7.771067 0.693147
  7.354362 2.079442
  6.666957 2.302585
  7.448916 0.693147
  8.695339 0.693147
  5.680173 4.779123
  7.565793 1.609438
  7.395722 2.397895
  5.433722 5.062595
  6.835185 2.197225
  7.307873 2.197225
  7.606885 1.386294
  7.840706 0.693147
  7.843849 1.386294
  7.446001 1.609438
  7.383368 1.791759
  8.267706 0.693147
  8.534444 0.693147
  6.747587 3.091042
  7.372746 0.693147
  6.824374 2.197225
  7.058758 2.484907
  6.877296 2.639057
  7.688455 0.693147
  4.532599 6.893656
  5.141664 5.645447
  6.944087 2.484907
  8.101981 0.693147
  7.177782 1.386294
  7.950150 1.098612
  7.402452 0.693147
  6.872128 2.302585
  8.091321 0.693147
  7.784473 1.098612
  6.177944 4.043051
  6.415097 3.737670
  8.095904 0.693147
  7.972811 0.693147
  5.648974 4.762174
  5.313206 5.384495
  7.275865 2.197225
  6.434547 3.663562
  8.247482 1.098612
  7.607381 1.609438
  7.277248 1.098612
  8.550435 0.693147
  7.035269 2.833213
  5.786897 4.682131
  6.842683 2.484907
  8.217708 0.693147
  8.102889 0.693147
  4.564348 6.786717
  6.455199 3.663562
  7.883823 0.693147
  8.183677 0.693147
  6.993933 2.484907
  7.913887 0.693147
  7.416980 1.098612
  6.980076 2.484907
  7.036148 2.397895
  7.727976 0.693147
  8.278682 0.693147
  6.854355 2.397895
  6.931472 2.484907
  8.035603 0.693147
  6.520621 3.295837
  6.955593 2.079442
  6.529419 2.944439
  6.139885 3.951244
  7.375256 1.791759
  7.238497 1.791759
  6.641182 2.708050
  6.398595 3.610918
  7.393263 1.386294
  6.738152 3.218876
  7.013915 2.197225
  7.822845 1.098612
  6.327937 3.931826
  6.759255 2.708050
  7.545390 1.386294
  5.991465 4.343805
  7.173958 2.197225
  7.608871 0.693147
  6.800170 3.332205
  6.131226 3.784190
  7.902487 0.693147
  7.496097 0.693147
  4.189655 7.331715
  4.317488 7.101676
  7.789040 1.098612
  7.094235 2.639057
  5.164786 5.613128
  6.948897 2.772589
  7.543803 0.693147
  7.700748 1.791759
  6.411818 3.367296
  6.595781 2.833213
  7.981392 2.079442
  7.013016 2.484907
  6.820016 2.564949
  6.810142 2.944439
  5.880533 4.406719
  6.210600 3.806662
  7.488294 0.693147
  7.367077 1.098612
  5.703782 4.744932
  8.363576 0.693147
  7.724005 1.098612
  5.877736 4.605170
  7.382746 1.386294
  6.695799 3.135494
  7.582738 1.098612
  7.327123 1.609438
  8.089789 0.693147
  0.693147 17.358349
  5.262690 5.472271
  7.703910 1.098612
  6.516193 3.465736
  7.448334 1.098612
  7.967280 1.098612
  7.782807 1.386294
  6.514713 3.367296
  6.577861 3.218876
  7.525640 0.693147
  7.826443 1.098612
  7.346655 1.098612
  7.953670 1.098612
  5.973810 4.532599
  7.176255 1.945910
  8.456381 0.693147
  6.251904 3.891820
  7.467371 1.609438
  7.412764 1.098612
  7.826842 1.098612
  7.604894 0.693147
  7.642524 1.791759
  6.883463 3.044522
  5.455321 5.123964
  6.056784 4.189655
  8.204672 0.693147
  6.816736 2.564949
  6.558198 3.091042
  7.753624 1.098612
  7.619724 0.693147
  7.542213 1.386294
  7.414573 0.693147
  7.288244 1.098612
  8.458080 0.693147
  7.558517 1.386294
  7.594884 1.098612
  7.748460 0.693147
  5.575949 5.036953
  7.791523 1.098612
  5.402677 5.017280
  6.801283 2.564949
  6.915723 2.564949
  8.352790 1.098612
  6.629363 2.995732
  7.536364 0.693147
  8.204125 0.693147
  7.010312 2.995732
  7.215240 1.791759
  7.231287 2.079442
  6.884487 3.178054
  8.054523 0.693147
  7.800163 1.386294
  5.062595 5.828946
  6.115892 3.931826
  6.949856 2.484907
  7.631917 1.098612
  7.830426 0.693147
  5.950643 4.430817
  6.964136 2.302585
  6.489205 3.367296
  7.009409 2.772589
  7.144407 1.791759
  7.130899 1.791759
  8.132119 0.693147
  7.356280 1.791759
  7.002156 1.945910
  6.270988 3.988984
  8.566555 0.693147
  7.454141 1.386294
  5.863631 4.521789
  8.156797 0.693147
  7.997327 1.386294
  7.123673 2.639057
  8.520587 0.693147
  7.827241 0.693147
  2.484907 9.811811
  5.924256 4.543295
  6.522093 3.044522
  6.775366 2.772589
  7.559038 0.693147
  4.934474 6.129050
  6.363028 3.713572
  6.220590 4.043051
  5.765191 4.584967
  8.257386 1.098612
  6.843750 2.833213
  6.639876 3.258097
  6.137727 4.025352
  7.368340 1.609438
  7.642044 0.693147
  6.447306 3.637586
  7.537963 1.098612
  7.717796 1.098612
  7.732369 1.098612
  7.391415 1.098612
  6.152733 3.663562
  7.381502 1.098612
  7.025538 2.397895
  5.673323 4.828314
  6.395262 3.555348
  7.728856 1.098612
  7.421178 1.386294
  6.956545 2.484907
  7.298445 1.386294
  7.130099 2.397895
  7.005789 1.945910
  7.081709 1.945910
  7.824446 1.386294
  7.248504 2.302585
  7.189168 1.609438
  7.581210 0.693147
  6.047372 3.951244
  6.259581 3.610918
  7.819234 1.098612
  4.736198 6.495266
  5.857933 4.499810
  5.056246 5.814131
  4.110874 7.403670
  5.505332 5.036953
  6.601230 3.218876
  6.977281 2.302585
  7.459339 1.098612
  7.479300 1.791759
  6.725034 2.995732
  7.494986 1.791759
  5.717028 4.990433
  5.849325 4.465908
  7.855932 1.098612
  8.013343 1.098612
  7.884577 0.693147
  7.001246 2.484907
  7.446585 1.386294
  6.982863 2.197225
  7.616776 1.098612
  8.228177 1.098612
  6.625392 3.044522
  7.209340 2.302585
  3.218876 8.727778
  7.242082 2.079442
  7.292337 1.098612
  6.632002 2.890372
  7.054450 2.302585
  8.051022 0.693147
  7.776535 0.693147
  5.723585 4.615121
  7.169350 1.945910
  7.716461 1.098612
  6.527958 3.044522
  7.282761 2.197225
  7.235619 2.079442
  5.843544 4.430817
  6.021023 4.276666
  6.298949 3.663562
  7.372118 1.098612
  5.303305 5.533389
  7.430114 1.098612
  6.849066 2.564949
  6.495266 3.178054
  7.304516 2.302585
  6.300786 3.465736
  7.748029 1.098612
  8.422223 0.693147
  5.805135 4.663439
  7.283448 1.791759
  6.846943 2.890372
  7.846199 1.098612
  7.816014 1.098612
  7.199678 1.609438
  7.719130 0.693147
  6.815640 2.639057
  6.224558 3.688879
  7.272398 2.079442
  7.493874 1.098612
  8.101375 0.693147
  7.200425 2.197225
  7.247793 0.693147
  6.905753 2.564949
  8.404024 0.693147
  5.181784 5.541264
  8.314587 0.693147
  8.108021 1.098612
  7.486613 1.386294
  6.735780 2.995732
  7.565275 1.098612
  8.117611 0.693147
  8.044305 0.693147
  7.875119 1.098612
  6.214608 4.007333
  7.321189 0.693147
  4.828314 6.246107
  6.469250 3.218876
  6.421622 3.931826
  6.111467 4.143135
  7.708860 1.098612
  7.065613 1.098612
  7.947679 1.098612
  7.892078 0.693147
  7.908755 0.693147
  6.156979 4.127134
  7.365180 2.079442
  7.553811 1.098612
  6.723832 2.944439
  7.063048 1.945910
  6.464588 2.995732
  6.658011 3.295837
  8.251664 0.693147
  7.471932 1.386294
  7.337588 1.791759
  7.333676 2.079442
  7.802209 0.693147
  6.376727 3.332205
  6.340359 3.688879
  7.043160 1.791759
  7.996990 1.098612
  7.321850 1.791759
  7.045777 2.079442
  6.904751 2.772589
  8.054840 0.693147
  5.472271 5.236442
  5.605802 4.969813
  7.484369 1.609438
  7.966933 0.693147
  7.700295 0.693147
  7.038784 2.197225
  7.482119 0.693147
  7.780303 0.693147
  7.634337 1.098612
  6.539586 3.135494
  7.142827 1.791759
  5.438079 5.257495
  7.462215 1.386294
  6.840547 2.639057
  7.640123 1.386294
  7.069874 2.890372
  7.589842 1.098612
  6.342121 3.367296
  7.413970 0.693147
  7.852439 0.693147
  8.061171 0.693147
  5.609472 4.859812
  7.693026 0.693147
  6.154858 3.988984
  7.295056 1.945910
  8.505121 0.693147
  6.356108 3.610918
  7.398786 2.079442
  7.153834 1.791759
  7.345365 1.386294
  6.543912 3.135494
  8.464003 0.693147
  7.465083 1.386294
  7.366445 1.098612
  3.713572 7.940228
  6.582025 3.218876
  7.886081 0.693147
  7.793587 0.693147
  7.871693 0.693147
  6.049733 4.304065
  7.466228 1.386294
  7.626083 1.609438
  7.610853 1.098612
  8.501470 0.693147
  3.970292 7.563201
  7.660585 0.693147
  6.192362 3.912023
  5.252273 5.463832
  7.388946 1.791759
  7.679714 0.693147
  7.661056 1.791759
  7.618742 1.386294
  8.035926 1.098612
  7.900637 0.693147
  6.767343 2.944439
  5.278115 5.488938
  6.633318 2.995732
  5.981414 4.290459
  6.903747 2.772589
  5.153292 5.598422
  7.985825 0.693147
  6.797940 2.772589
  7.180070 2.484907
  7.462789 1.098612
  7.133296 2.708050
  5.257495 5.459586
  5.908083 4.406719
  7.940940 1.098612
  6.897705 2.564949
  7.970740 0.693147
  7.461640 1.791759
  8.296048 0.693147
  6.710523 2.708050
  7.841100 1.386294
  7.149917 1.609438
  7.239933 2.079442
  7.755339 0.693147
  6.992096 1.386294
  4.454347 7.041412
  7.078342 2.197225
  8.093768 0.693147
  8.225771 1.098612
  8.080856 0.693147
  5.552960 5.075174
  5.755742 4.762174
  7.519692 1.791759
  7.568379 1.098612
  6.920672 2.708050
  6.510258 3.637586
  6.705639 3.178054
  7.074117 2.397895
  4.499810 6.947937
  7.572503 1.098612
  7.922986 1.386294
  5.517453 4.955827
  6.736967 2.944439
  7.792349 0.693147
  7.912057 1.098612
  5.627621 4.927254
  7.340187 1.098612
  7.701200 1.386294
  7.205635 1.945910
  6.939254 2.833213
  5.874931 4.369448
  5.771441 4.663439
  7.650169 1.098612
  4.060443 7.474772
  6.448889 3.713572
  8.186186 0.693147
  4.969813 6.016157
  5.707110 4.997212
  7.865188 0.693147
  6.475433 3.367296
  6.517671 3.295837
  7.364547 1.609438
  5.451038 5.181784
  7.335634 1.098612
  4.094345 7.445418
  7.864420 0.693147
  2.564949 9.632859
  3.663562 8.027150
  6.440947 3.258097
  7.765569 0.693147
  6.831954 2.484907
  7.309881 0.693147
  7.385231 1.609438
  8.022569 1.098612
  7.450080 1.098612
  7.654917 0.693147
  7.062192 1.945910
  6.470800 3.135494
  6.371612 3.637586
  6.118097 4.143135
  7.666222 1.386294
  7.546974 0.693147
  5.081404 5.891644
  5.777652 4.605170
  7.181592 1.098612
  8.003029 0.693147
  7.214504 2.079442
  6.881411 2.079442
  8.233769 0.693147
  4.875197 6.282267
  6.922644 2.397895
  7.569412 1.098612
  6.769642 2.708050
  7.651120 0.693147
  7.792762 0.693147
  7.122867 2.397895
  6.762730 2.772589
  6.684612 3.401197
  7.385851 1.386294
  5.774552 4.564348
  7.427739 1.386294
  8.509967 0.693147
  8.832296 0.693147
  7.329750 1.791759
  6.648985 2.833213
  5.564520 5.220356
  7.877397 0.693147
  7.118016 1.791759
  8.185071 1.098612
  7.327781 1.386294
  7.050989 2.484907
  6.533789 3.044522
  6.858565 2.397895
  4.859812 6.196444
  7.477038 2.079442
  9.316411 0.693147
  6.269096 3.871201
  7.983440 1.098612
  6.733402 3.258097
  6.144186 3.891820
  7.135687 1.609438
  7.147559 2.484907
  7.459915 0.693147
  7.438384 2.197225
  6.895683 2.197225
  7.011214 2.564949
  8.194782 0.693147
  8.013012 0.693147
  7.954021 0.693147
  6.822197 2.708050
  7.811973 0.693147
  6.163315 4.025352
  7.224753 2.197225
  6.946976 2.772589
  8.048788 0.693147
  6.587550 3.091042
  7.362645 0.693147
  6.778785 2.890372
  6.850126 2.772589
  6.969791 2.079442
  7.228388 1.386294
  8.649098 0.693147
  7.342779 1.945910
  7.602401 0.693147
  7.210080 2.302585
  7.712891 1.098612
  7.665753 1.098612
  7.260523 2.197225
  8.157657 0.693147
  6.403574 3.258097
  7.961370 0.693147
  7.974189 0.693147
  5.043425 5.752573
  7.207860 2.197225
  8.261785 0.693147
  7.096721 2.079442
  6.887553 2.833213
  6.598509 2.564949
  8.320935 0.693147
  8.342364 0.693147
  7.080868 1.945910
  5.602119 4.983607
  7.357556 2.079442
  5.802118 4.709530
  6.563856 3.295837
  6.274762 3.761200
  8.334952 0.693147
  7.134891 2.302585
  7.602900 0.693147
  5.010635 5.924256
  7.512071 0.693147
  7.973844 0.693147
  7.852828 0.693147
  7.086738 1.098612
  7.803027 0.693147
  6.419995 3.433987
  8.254529 0.693147
  7.052721 2.397895
  7.148346 2.302585
  7.060476 2.197225
  6.845880 2.890372
  6.692084 2.708050
  7.527794 1.098612
  8.083020 1.098612
  8.491260 0.693147
  7.693482 1.791759
  8.194229 0.693147
  7.732808 1.791759
  7.202661 1.609438
  7.548556 1.609438
  7.850883 0.693147
  4.553877 6.857514
  7.157735 2.079442
  6.523562 2.995732
  6.953684 2.397895
  7.015712 2.484907
  4.795791 6.359574
  5.493061 5.068904
  7.362011 1.609438
  7.171657 1.791759
  7.264730 2.302585
  6.672033 3.218876
  7.225481 1.791759
  7.577122 0.693147
  7.276556 2.197225
  7.360740 2.197225
  7.831220 0.693147
  6.169611 4.025352
  7.066467 2.302585
  8.104401 0.693147
  6.809039 2.564949
  6.230481 3.891820
  7.400621 1.098612
  7.768110 0.693147
  5.105945 5.802118
  5.225747 5.463832
  7.210818 1.945910
  7.724888 1.098612
  7.254885 2.079442
  5.616771 5.030438
  7.635787 1.791759
  7.754053 1.386294
  6.265301 3.931826
  6.263398 3.828641
  7.670429 1.098612
  8.515392 0.693147
  6.838405 2.995732
  7.844241 1.098612
  6.248043 3.951244
  5.283204 5.463832
  7.439559 1.098612
  7.195937 1.791759
  6.006353 4.248495
  7.706613 0.693147
  7.306531 1.791759
  7.547502 0.693147
  7.794411 0.693147
  5.945421 4.174387
  6.228511 3.871201
  7.064759 2.302585
  6.814543 2.564949
  7.374002 1.791759
  7.275172 1.791759
  8.098643 0.693147
  5.955837 4.510860
  6.345636 3.784190
  7.615791 0.693147
  8.470521 0.693147
  7.412160 1.386294
  7.403061 0.693147
  7.286876 1.609438
  8.174703 1.098612
  4.394449 7.113142
  6.025866 4.317488
  5.789960 4.787492
  7.641084 1.791759
  6.911747 2.302585
  7.485492 0.693147
  7.924072 0.693147
  7.813592 0.693147
  6.690842 2.708050
  7.389564 1.386294
  6.715383 3.178054
  7.735870 1.098612
  8.232972 1.386294
  6.908755 2.890372
  7.751475 1.386294
  7.044033 2.639057
  7.129298 2.708050
  7.387090 2.079442
  7.050123 2.079442
  6.991177 2.639057
  7.422971 0.693147
  7.696213 0.693147
  7.401231 1.609438
  7.004882 3.091042
  7.839919 0.693147
  7.290975 2.302585
  7.433667 1.791759
  8.125927 0.693147
  6.706862 2.944439
  6.669498 2.708050
  7.833600 1.098612
  7.401842 1.098612
  4.584967 6.791221
  6.364751 3.332205
  7.423568 1.609438
  8.434681 0.693147
  6.329721 3.610918
  8.060224 0.693147
  7.042286 1.791759
  7.434257 1.098612
  7.480992 0.693147
  7.731053 1.098612
  7.752335 0.693147
  6.576470 3.044522
  6.570883 3.044522
  6.674561 3.178054
  7.621685 1.791759
  4.762174 6.456770
  6.839476 2.890372
  6.836259 2.197225
  5.590987 4.890349
  6.375025 3.688879
  7.638680 1.098612
  7.678326 0.693147
  4.127134 7.384610
  7.039660 2.890372
  7.754482 0.693147
  8.081784 1.098612
  6.216606 3.784190
  6.429719 3.218876
  4.077537 7.416980
  6.444131 3.610918
  7.641564 1.609438
  5.241747 5.476464
  7.444833 1.386294
  6.739337 2.890372
  2.302585 10.103854
  5.831882 4.574711
  6.812345 2.995732
  7.497762 1.098612
  7.737616 1.098612
  8.159661 0.693147
  7.657283 1.386294
  1.386294 11.592457
  5.996452 4.248495
  7.090910 2.397895
  7.184629 1.098612
  8.116716 1.386294
  4.682131 6.598509
  6.680855 3.135494
  7.232010 1.609438
  7.630461 1.609438
  8.550821 0.693147
  6.059123 4.060443
  7.379632 1.945910
  7.978311 0.693147
  6.642487 2.890372
  7.510978 1.098612
  8.454679 0.693147
  5.993961 4.219508
  7.189922 1.386294
  7.331715 2.197225
  7.751905 0.693147
  6.864848 2.484907
  7.224025 2.302585
  7.789455 0.693147
  8.102284 0.693147
  7.012115 3.091042
  7.215975 1.609438
  6.976348 2.197225
  7.902857 1.098612
  7.432484 0.693147
  6.238325 3.465736
  7.279319 1.386294
  7.531552 1.791759
  6.645091 3.044522
  7.708411 1.386294
  8.284504 0.693147
  7.213768 1.609438
  5.929589 4.394449
  7.323831 1.791759
  6.331502 3.526361
  7.600402 0.693147
  4.867534 6.190315
  7.152269 1.945910
  4.025352 7.496652
  4.990433 5.918894
  7.506042 0.693147
  8.008366 0.693147
  7.940228 0.693147
  5.662960 4.859812
  6.879356 2.564949
  6.602588 2.890372
  9.066239 1.098612
  7.028201 2.708050
  7.344719 1.791759
  6.186209 4.262680
  7.099202 2.302585
  7.983099 0.693147
  5.176150 5.624018
  7.779467 0.693147
  5.733341 4.941642
  6.890609 2.484907
  7.057037 1.609438
  5.480639 5.081404
  7.611842 0.693147
  7.160069 2.397895
  7.008505 2.397895
  6.463029 3.135494
  7.662468 1.386294
  6.763885 2.944439
  7.095064 2.484907
  7.805882 1.098612
  5.963579 4.369448
  7.342132 1.386294
  7.718241 0.693147
  6.095825 3.931826
  7.622664 0.693147
  6.234411 3.850148
  8.345218 0.693147
  7.419980 1.609438
  5.834811 4.624973
  7.636752 1.098612
  7.722678 0.693147
  3.610918 8.137688
  7.178545 2.079442
  7.382124 1.098612
  7.527256 1.386294
  8.023880 0.693147
  7.942362 0.693147
  7.072422 2.302585
  3.871201 7.732369
  4.976734 6.016157
  7.436028 1.386294
  7.308543 0.693147
  7.563201 1.386294
  6.928538 1.791759
  7.983781 0.693147
  7.709308 1.098612
  6.086775 3.850148
  7.741099 1.098612
  7.908387 0.693147
  8.915432 0.693147
  5.093750 5.762051
  7.411556 1.609438
  6.917706 2.708050
  6.033086 4.219508
  7.317876 2.079442
  7.230563 2.564949
  7.614805 1.609438
  4.624973 6.751101
  5.407172 5.247024
  5.147494 5.720312
  7.255591 1.945910
  6.525030 2.890372
  7.410952 1.945910
  5.017280 6.006353
  7.747597 0.693147
  7.730614 0.693147
  8.001355 1.098612
  7.083388 2.302585
  7.091742 1.609438
  6.432940 3.433987
  6.343880 3.663562
  6.756932 2.639057
  7.044905 2.302585
  4.852030 6.236370
  7.192934 1.609438
  6.535241 3.401197
  7.155396 1.791759
  7.693937 1.098612
  5.752573 4.718499
  6.556778 3.178054
  7.664347 0.693147
  5.003946 5.950643
  7.132498 1.791759
  4.510860 6.964136
  4.962845 5.993961
  7.676010 1.098612
  3.367296 8.496990
  7.223296 2.397895
  7.313887 1.098612
  7.284135 1.609438
  7.557473 1.098612
  6.490724 2.833213
  7.991254 1.098612
  7.280008 1.609438
  2.890372 9.314520
  6.505784 3.367296
  8.101678 0.693147
  7.735433 1.098612
  3.637586 8.094684
  5.327876 5.303305
  8.378621 0.693147
  7.207119 1.791759
  7.509883 1.791759
  2.833213 9.262933
  7.299797 1.791759
  7.406711 1.098612
  7.497207 1.609438
  8.546946 1.098612
  7.301822 1.609438
  7.578145 0.693147
  6.612041 2.995732
  7.807510 0.693147
  8.268219 1.098612
  7.466799 0.693147
  5.273000 5.484797
  7.910224 0.693147
  7.128496 2.397895
  7.938802 1.098612
  7.662938 1.098612
  6.257668 4.158883
  7.571474 1.791759
  7.088409 2.708050
  7.103322 2.708050
  8.224700 0.693147
  6.687109 2.995732
  7.127694 2.079442
  6.282267 3.555348
  2.639057 9.609251
  6.703188 2.772589
  7.786552 1.098612
  8.156510 0.693147
  7.489412 0.693147
  6.530878 3.258097
  6.862758 2.772589
  7.037028 2.484907
  7.574558 1.098612
  7.491088 1.386294
  7.107425 2.397895
  7.561642 0.693147
  6.803505 2.772589
  6.426488 3.610918
  7.422374 1.386294
  7.163172 2.197225
  7.835975 0.693147
  7.851661 1.098612
  4.304065 7.177019
  6.104793 3.951244
  6.439350 3.555348
  7.833996 1.386294
  7.163947 1.386294
  3.850148 7.683864
  5.916202 4.406719
  6.927558 3.044522
  6.246107 3.663562
  6.659294 2.772589
  7.675546 1.098612
  7.220374 2.197225
  5.713733 4.736198
  7.191429 1.386294
  7.752765 0.693147
  7.112327 2.484907
  6.973543 2.639057
  6.486161 3.178054
  6.492240 3.044522
  8.082711 1.098612
  6.098074 4.276666
  6.459904 3.637586
  6.418365 3.135494
  7.898782 1.098612
  7.955425 0.693147
  7.425954 1.791759
  8.059908 0.693147
  6.016157 4.262680
  7.563720 1.098612
  7.524561 1.945910
  7.967627 0.693147
  6.385194 3.401197
  6.315358 3.526361
  8.729721 0.693147
  8.101072 1.386294
  7.827640 0.693147
  7.370860 1.098612
  5.393628 5.204007
  7.405496 1.098612
  7.677400 1.386294
  6.565265 2.995732
  8.207947 0.693147
  6.833032 2.944439
  7.534228 1.609438
  6.182085 4.094345
  5.976351 4.477337
  7.416378 1.098612
  6.781058 3.178054
  7.334329 1.791759
  7.533159 0.693147
  7.027315 2.833213
  7.143618 1.386294
  7.774856 1.098612
  4.418841 7.058758
  6.855409 2.833213
  6.408529 3.332205
  6.932448 2.397895
  7.177019 2.079442
  7.781556 1.609438
  8.335671 0.693147
  6.603944 2.995732
  7.317212 1.386294
  7.151485 2.079442
  7.970395 1.609438
  6.552508 3.178054
  6.791221 2.944439
  7.022868 2.639057
  5.288267 5.451038
  6.594413 3.178054
  5.823046 4.634729
  7.605392 0.693147
  5.783825 4.584967
  6.848005 2.890372
  5.913503 4.499810
  6.652863 2.397895
  7.166266 2.197225
  6.677083 2.772589
  6.787845 2.772589
  7.870166 0.693147
  5.513429 5.003946
  6.042633 4.248495
  7.418181 1.791759
  7.699389 0.693147
  7.597898 0.693147
  8.108623 1.386294
  7.085064 2.302585
  7.556951 1.609438
  7.481556 1.098612
  7.793999 0.693147
  6.985642 2.772589
  7.285507 1.791759
  7.262629 2.197225
  6.165418 3.931826
  7.726654 0.693147
  4.369448 7.158514
  6.900731 2.564949
  8.534247 0.693147
  7.593374 1.791759
  8.612685 0.693147
  7.989899 0.693147
  7.769801 1.098612
  7.482682 1.386294
  7.862112 0.693147
  7.518607 0.693147
  7.080026 2.484907
  6.784457 2.833213
  7.257708 1.791759
  8.007367 0.693147
  8.367068 0.693147
  5.690359 4.787492
  7.030857 2.564949
  6.873164 2.639057
  7.000334 2.833213
  7.478170 0.693147
  7.085901 1.609438
  4.158883 7.356918
  5.655992 4.983607
  7.718685 0.693147
  6.586172 3.332205
  7.966587 0.693147
  8.295299 0.693147
  8.120589 0.693147
  5.509388 5.068904
  8.050384 0.693147
  7.633854 1.098612
  7.596894 0.693147
  6.916715 2.772589
  7.630947 1.386294
  6.302619 3.496508
  7.250636 2.079442
  6.755769 2.995732
  6.295266 3.828641
  8.464847 0.693147
  7.716015 1.386294
  6.777647 2.564949
  6.678342 2.772589
  6.628041 3.135494
  6.844815 2.890372
  6.830874 2.944439
  6.624065 3.091042
  7.174724 1.945910
  7.682943 0.693147
  7.579679 1.098612
  3.178054 8.785234
  5.159055 5.602119
  7.801800 1.098612
  7.981050 0.693147
  7.351158 1.098612
  5.365976 5.379897
  7.774436 0.693147
  7.573017 1.945910
  6.984716 2.564949
  7.311218 2.302585
  6.638568 2.890372
  7.273093 2.197225
  5.220356 5.602119
  5.897154 4.418841
  7.040536 2.397895
  4.948760 6.068426
  5.918894 4.394449
  7.754910 1.098612
  7.455298 1.386294
  7.535830 1.098612
  7.477604 1.098612
  6.401917 3.258097
  8.447629 0.693147
  6.906755 2.197225
  8.769196 0.693147
  3.258097 8.666303
  6.109248 4.174387
  6.962243 2.484907
  7.963460 0.693147
  7.586296 1.386294
  8.215006 1.098612
  7.162397 2.397895
  7.116394 1.945910
  7.265430 1.098612
  7.746301 0.693147
  7.371489 1.791759
  8.045268 0.693147
  7.518064 1.609438
  6.634633 2.772589
  7.425358 1.386294
  3.583519 8.209308
  7.817625 0.693147
  7.380879 2.079442
  7.229839 1.386294
  8.304247 0.693147
  7.289611 1.609438
  6.942157 2.302585
  7.679251 1.609438
  6.493754 3.135494
  6.751101 2.890372
  6.966024 2.197225
  8.088869 0.693147
  6.361302 3.761200
  6.699500 2.564949
  6.981006 2.484907
  7.948738 1.098612
  7.141245 2.302585
  7.067320 2.484907
  7.131699 2.079442
  7.543273 0.693147
  7.346010 1.098612
  7.552762 0.693147
  6.668228 2.833213
  8.127700 0.693147
  8.104099 0.693147
  4.812184 6.327937
  7.463937 1.609438
  6.040255 4.343805
  6.536692 3.637586
  7.400010 1.386294
  7.280697 1.098612
  7.504942 1.098612
  7.583248 1.386294
  7.955776 0.693147
  7.947325 0.693147
  5.645447 4.744932
  7.377759 1.098612
  6.852243 2.890372
  7.136483 2.639057
  6.569481 3.178054
  8.097731 0.693147
  7.680176 1.098612
  6.783325 2.995732
  7.673688 1.098612
  7.867106 0.693147
  6.926577 2.484907
  6.768493 2.944439
  7.398174 1.386294
  7.711997 0.693147
  5.332719 5.293305
  6.882437 2.484907
  6.646391 3.218876
  7.745868 0.693147
  7.424165 1.791759
  7.926242 1.098612
  6.997596 2.484907
  7.031741 2.833213
  8.168770 0.693147
  4.174387 7.312553
  5.634790 4.779123
  7.309212 1.609438
  6.466145 3.663562
  6.958448 2.564949
  7.953318 0.693147
  7.452402 1.098612
  7.436617 1.386294
  7.048386 2.708050
  7.268223 1.609438
  6.028279 4.094345
  7.252054 1.945910
  7.729735 0.693147
  6.597146 2.944439
  6.483107 3.218876
  7.719574 0.693147
  1.791759 10.861956
  6.561031 3.332205
  6.875232 2.397895
  7.453562 1.098612
  6.175867 4.248495
  7.125283 1.945910
  7.218177 2.397895
  7.445418 1.098612
  5.298317 5.351858
  6.100319 4.043051
  6.622736 3.091042
  6.322565 3.871201
  5.497168 5.056246
  7.201916 2.302585
  6.795706 2.564949
  5.942799 4.304065
  7.104965 2.397895
  7.032624 2.079442
  6.206576 4.143135
  7.710653 1.386294
  7.495542 0.693147
  7.344073 0.693147
  5.720312 4.762174
  6.001415 4.262680
  7.173192 2.397895
  8.010028 0.693147
  7.182352 1.098612
  7.348588 1.791759
  7.501082 1.386294
  7.638198 0.693147
  6.011267 4.143135
  7.858641 1.098612
  7.535297 1.098612
  6.630683 3.044522
  6.888572 2.833213
  8.226841 0.693147
  1.609438 11.092656
  7.819636 1.098612
  6.304449 3.784190
  6.654153 3.091042
  7.098376 2.564949
  7.784889 0.693147
  5.123964 5.783825
  5.318120 5.416100
  7.851272 0.693147
  7.029088 2.639057
  7.553287 0.693147
  7.024649 3.091042
  7.286192 2.197225
  7.697121 0.693147
  7.226936 2.397895
  7.600902 0.693147
  6.289716 3.713572
  6.860664 2.079442
  7.483244 0.693147
  8.202482 1.098612
  7.021976 2.708050
  7.222566 2.302585
  7.905073 0.693147
  7.758761 0.693147
  7.781139 1.098612
  7.843064 1.386294
  6.896694 2.564949
  4.890349 6.146329
  8.160232 0.693147
  7.407318 1.098612
  7.053586 2.302585
  6.981935 2.484907
  8.881697 0.693147
  5.087596 5.762051
  7.395108 1.386294
  8.158230 1.098612
  5.549076 4.927254
  7.900266 1.098612
  6.318968 3.663562
  6.741701 3.091042
  7.284821 2.079442
  7.867871 1.791759
  5.659482 4.653960
  6.380123 3.663562
  7.145196 2.079442
  1.945910 10.536540
  6.400257 3.583519
  7.550661 1.098612
  7.159292 2.397895
  7.447751 1.098612
  8.201934 0.693147
  8.445912 0.693147
  6.413459 3.806662
  8.000014 1.098612
  7.486053 1.098612
  6.722630 3.218876
  6.621406 3.044522
  7.483807 2.197225
  8.099554 1.386294
  7.451242 0.693147
  8.233238 0.693147
  4.941642 6.107023
  7.269617 1.386294
  8.506537 0.693147
  7.618251 0.693147
  7.984463 0.693147
  7.722235 1.098612
  8.786915 0.693147
  8.126223 0.693147
  7.261225 1.945910
  8.698848 0.693147
  7.212294 1.945910
  6.542472 3.295837
  6.870053 2.197225
  7.499423 0.693147
  5.826000 4.553877
  6.458338 3.555348
  8.310415 0.693147
  7.823246 1.386294
  7.945201 1.098612
  7.296413 1.945910
  6.701960 2.944439
  4.442651 7.017506
  6.711740 3.178054
  6.354370 3.555348
  7.653020 1.386294
  6.035481 4.418841
  6.338594 3.610918
  6.790097 2.772589
  7.137278 2.079442
  8.311890 0.693147
  8.424639 0.693147
  6.869014 2.772589
  8.238537 0.693147
  8.078068 1.098612
  4.644391 6.695799
  6.194405 4.007333
  7.629976 1.386294
  3.951244 7.616776
  8.110427 0.693147
  7.765145 0.693147
  6.082219 4.110874
  7.713785 1.098612
  7.192182 1.791759
  6.084499 4.189655
  8.182839 0.693147
  7.837160 1.609438
  7.070724 1.791759
  7.216709 1.791759
  7.712444 1.945910
  7.380256 2.079442
  7.244228 2.197225
  7.702104 0.693147
  6.473891 3.465736
  8.586906 0.693147
  7.710205 1.098612
  6.335054 3.610918
  7.762596 0.693147
  6.650279 2.995732
  7.307202 1.945910
  7.252762 1.098612
  8.335192 0.693147
  6.089045 4.204693
  8.072467 0.693147
  8.000349 1.386294
  5.129899 5.693732
  7.995644 0.693147
  7.046647 2.484907
  7.720905 0.693147
  5.214936 5.513429
  5.953243 4.574711
  7.360104 1.386294
  8.119101 1.609438
  7.464510 1.386294
  6.746412 3.258097
  7.691200 1.098612
  7.263330 1.945910
  5.488938 5.030438
  7.341484 1.609438
  7.824846 1.386294
  7.433075 1.386294
  6.995766 2.833213
  7.521859 0.693147
  7.115582 2.197225
  7.814803 1.098612
  7.472501 1.945910
  6.424869 3.496508
  7.783224 1.098612
  7.331060 1.791759
  3.295837 8.601534
  5.988961 4.330733
  7.999007 0.693147
  7.619233 0.693147
  7.443078 0.693147
  7.933438 0.693147
  6.994850 2.995732
  7.734121 0.693147
  6.249975 3.970292
  7.871311 0.693147
  1.098612 15.428797
  6.410175 3.583519
  5.686975 4.700480
  6.573680 3.367296
  6.350886 3.637586
  4.430817 7.057037
  5.533389 4.941642
  7.528869 0.693147
  5.669881 4.700480
  7.798113 1.609438
  7.409136 1.386294
  6.785588 2.708050
  3.912023 7.594381
  7.893199 1.386294
  6.572283 3.135494
  6.951772 2.639057
  3.091042 8.988945
  6.979145 2.197225
  7.801391 0.693147
  5.236442 5.513429
  6.008813 4.356709
  9.239802 0.693147
  5.429346 4.919981
  8.250098 0.693147
  6.788972 3.135494
  6.990257 2.397895
  7.757479 0.693147
  6.278521 3.688879
  5.347108 5.262690
  7.302496 1.386294
  7.071573 2.079442
  6.975414 2.639057
  6.467699 3.135494
  6.159095 4.043051
  7.073270 2.197225
  6.837333 1.791759
  7.629004 0.693147
  7.287561 1.945910
  7.507690 1.386294
  7.866722 1.098612
  7.237778 1.609438
  6.406880 3.401197
  5.808142 4.605170
  7.749753 1.098612
  6.968850 2.397895
  7.122060 2.197225
  7.830823 1.386294
  6.549651 3.295837
  6.583409 3.218876
  6.910751 2.833213
  6.124683 4.077537
  6.445720 3.737670
  4.634729 6.738152
  7.826044 0.693147
  7.747165 0.693147
  5.866468 4.477337
  6.734592 2.890372
  8.098339 0.693147
  7.559559 1.098612
  6.899723 2.890372
  6.333280 3.555348
  6.817831 2.397895
  6.894670 2.397895
  7.113142 2.397895
  6.661855 3.091042
  7.674617 1.386294
  7.113956 1.386294
  7.847372 1.098612
  7.990915 1.098612
  7.356918 1.791759
  7.522400 1.386294
  6.324359 3.688879
  6.698268 2.944439
  7.241366 1.609438
  7.333023 1.791759
  6.336826 3.526361
  6.805723 2.944439
  7.917172 0.693147
  7.872074 0.693147
  7.821242 0.693147
  7.874359 0.693147
  5.247024 5.513429
  7.585281 1.791759
  6.943122 2.772589
  6.188264 3.761200
  7.944137 1.098612
  8.133294 0.693147
  8.175829 0.693147
  5.940171 4.521789
  7.576097 1.098612
  4.744932 6.263398
  7.219642 2.564949
  4.488636 6.969791
  7.156956 1.945910
  7.226209 2.079442
  7.069023 2.079442
  3.401197 8.500657
  6.063785 4.143135
  6.373320 3.555348
  6.150603 4.043051
  7.705713 1.386294
  4.955827 6.122493
  5.375278 5.231109
  8.237215 0.693147
  8.206584 0.693147
  6.664409 2.995732
  6.925595 2.397895
  6.889591 2.833213
  6.930495 2.564949
  8.151045 0.693147
  6.519147 3.688879
  7.138073 2.302585
  8.262817 0.693147
  6.807935 2.995732
  6.452049 3.258097
  7.258412 1.791759
  6.799056 3.135494
  8.542471 0.693147
  5.905362 4.615121
  7.526179 1.098612
  7.923710 0.693147
  4.043051 7.478170
  7.185387 1.791759
  6.828712 3.178054
  8.269501 0.693147
  8.554296 0.693147
  6.609349 3.433987
  6.326149 3.637586
  8.368925 1.098612
  7.911324 0.693147
  7.150701 2.079442
  8.219057 1.098612
  7.834392 1.386294
  7.311886 1.609438
  5.598422 4.828314
  4.997212 5.942799
  6.120297 3.891820
  6.202536 4.143135
  7.353082 1.609438
  7.443664 1.386294
  7.509335 1.098612
  6.937314 2.484907
  7.392032 1.945910
  8.197539 0.693147
  6.865891 2.708050
  6.551080 2.833213
  7.089243 0.693147
  7.651596 1.098612
  8.535230 0.693147
  7.829233 1.791759
  6.749931 2.995732
  5.323010 5.323010
  7.332369 1.098612
  6.742881 2.564949
  8.341887 0.693147
  6.480045 3.401197
  6.656727 2.995732
  7.349874 1.609438
  4.574711 6.848005
  6.732211 2.944439
  7.720018 1.386294
  7.378384 1.098612
  7.560601 0.693147
  7.536897 1.791759
  7.541683 1.791759
  7.355641 2.564949
  5.899897 4.477337
  5.828946 4.418841
  7.407924 1.386294
  7.417580 1.098612
  7.974533 1.098612
  6.198479 3.761200
  7.566311 0.693147
  6.349139 3.912023
  6.122493 4.158883
  5.932245 4.430817
  6.261492 3.637586
  7.186144 1.791759
  7.502738 1.386294
  5.187386 5.529429
  5.583496 5.043425
  6.685861 3.218876
  7.823646 1.386294
  7.310550 1.609438
  7.544332 1.098612
  3.931826 7.628518
  7.240650 2.397895
  7.469654 1.386294
  7.804659 0.693147
  6.508769 3.401197
  6.914731 2.639057
  7.170120 1.945910
  7.811568 0.693147
  8.213111 0.693147
  8.071531 0.693147
  6.501290 3.433987
  5.446737 5.043425
  7.095893 2.079442
  6.966967 2.639057
  7.992607 0.693147
  3.496508 8.416931
  6.792344 3.044522
  7.934155 1.098612
  7.456455 1.791759
  7.111512 2.484907
  7.870548 1.098612
  6.107023 4.110874
  6.933423 2.302585
  7.683864 1.609438
  5.398163 5.147494
  6.972606 2.484907
  6.971669 2.397895
  6.924612 2.484907
  7.633370 0.693147
  4.700480 6.566672
  6.066108 4.043051
  8.028781 0.693147
  6.291569 3.713572
  7.612831 0.693147
  7.696667 0.693147
  7.121252 2.302585
  8.709960 0.693147
  7.860571 0.693147
  7.993958 0.693147
  7.114769 2.639057
  6.591674 3.295837
  7.624131 1.098612
  6.796824 2.944439
  6.614726 3.258097
  6.306275 3.806662
  6.987490 2.197225
  7.338888 1.098612
  7.807917 0.693147
  6.568078 2.890372
  8.045909 0.693147
  7.193686 1.791759
  7.783641 1.098612
  9.381348 0.693147
  6.091310 4.025352
  7.271009 1.945910
  7.990238 0.693147
  6.287859 3.828641
  7.510431 0.693147
  8.270525 1.386294
  4.521789 6.905753
  6.146329 3.850148
  8.554874 0.693147
  8.518992 0.693147
  7.921536 1.386294
  7.440147 0.693147
  6.391917 3.555348
  7.339538 1.945910
  7.470794 0.693147
  6.935370 2.639057
  7.515889 1.609438
  6.526495 3.178054
  7.413367 0.693147
  8.211483 0.693147
  7.965546 1.098612
  7.261927 1.609438
  7.188413 1.609438
  7.415175 1.098612
  6.532334 2.995732
  7.390799 0.693147
  6.173786 3.555348
  7.126891 2.564949
  7.956477 1.098612
  5.529429 5.068904
  6.714171 2.772589
  7.394493 1.609438
  7.620215 0.693147
  7.474205 1.791759
  7.848934 0.693147
  7.016610 2.564949
  6.559615 3.135494
  6.608001 3.610918
  7.206377 1.791759
  5.768321 4.820282
  6.317165 3.401197
  7.505492 1.386294
  8.241176 0.693147
  3.044522 8.998878
  5.641907 4.955827
  7.860956 0.693147
  7.239215 1.609438
  7.621195 1.098612
  7.254178 2.397895
  7.639161 0.693147
  6.758095 3.218876
  7.328437 1.609438
  7.637716 1.098612
  6.856462 2.079442
  6.918695 2.639057
  6.689599 3.218876
  6.487684 3.496508
  7.359468 1.945910
  7.643483 1.609438
  7.180831 2.079442
  7.915713 0.693147
  7.772332 1.609438
  5.384495 5.288267
  6.504288 3.367296
  8.171882 0.693147
  5.568345 4.820282
  5.117994 5.733341
  6.853299 2.944439
  6.383507 3.583519
  7.278629 2.079442
  7.353722 1.386294
  8.291797 0.693147
  7.221105 2.079442
  7.282074 1.791759
  6.293419 3.688879
  6.068426 4.060443
  7.460490 1.098612
  2.397895 9.878477
  4.983607 6.011267
  6.728629 2.484907
  8.073091 1.609438
  6.921658 2.708050
  7.349231 1.386294
  6.511745 3.433987
  7.160846 2.079442
  7.514255 1.098612
  7.267525 1.098612
  7.675082 1.609438
  8.208219 0.693147
  7.363280 1.386294
  6.744059 2.890372
  8.266935 0.693147
  4.779123 6.400257
  6.776507 2.890372
  8.259976 0.693147
  5.710427 4.672829
  6.682109 3.091042
  7.738488 1.386294
  7.532624 0.693147
  6.946014 2.833213
  8.484877 0.693147
  3.988984 7.560601
  7.138867 1.945910
  7.884200 0.693147
  8.313362 0.693147
  7.313220 1.386294
  7.234177 1.791759
  8.030084 0.693147
  3.465736 8.435549
  6.967909 2.397895
  7.347944 1.609438
  6.704414 3.258097
  7.203406 1.609438
  7.105786 1.791759
  6.954639 2.079442
  7.763871 1.098612
  7.574045 0.693147
  4.356709 7.105786
  8.501673 0.693147
  7.358194 0.693147
  8.307213 0.693147
  7.019297 2.995732
  7.790282 1.098612
  7.343426 0.693147
  5.860786 4.532599
  7.100852 2.484907
  5.379897 5.181784
  6.070738 4.174387
  7.501634 0.693147
  6.626718 3.044522
  7.971086 1.098612
  4.605170 6.710523
  4.219508 7.281386
  7.770223 1.098612
  8.021913 0.693147
  5.424950 5.117994
  6.978214 2.639057
  6.786717 2.833213
  7.733684 0.693147
  5.420535 5.056246
  8.026497 0.693147
  7.606387 0.693147
  8.199464 0.693147
  6.818924 2.890372
  6.693324 3.135494
  6.802395 2.772589
  7.590347 1.098612
  6.135565 3.850148
  7.695303 1.386294
  7.610358 1.098612
  6.886532 2.197225
  5.525453 5.075174
  7.516977 0.693147
  7.274480 1.386294
  7.646831 1.386294
  6.386879 3.555348
  5.739793 4.820282
  6.555357 3.218876
  7.691657 0.693147
  7.870930 1.386294
  8.034955 0.693147
  6.637258 3.295837
  6.871091 2.197225
  5.886104 4.644391
  7.959975 0.693147
  7.090077 1.386294
  8.338067 1.098612
  5.891644 4.454347
  7.168580 1.945910
  3.828641 7.795235
  7.350516 1.609438
  7.319865 1.945910
  7.982075 0.693147
  7.057898 2.484907
  7.247081 1.609438
  7.450661 1.098612
  7.667158 1.098612
  7.259820 2.079442
  7.609367 1.098612
  7.393878 1.945910
  7.587311 0.693147
  7.007601 2.484907
  4.143135 7.358831
  7.041412 2.564949
  6.709304 3.433987
  5.613128 4.859812
  6.484635 3.496508
  7.034388 2.564949
  8.154213 1.386294
  5.869297 4.304065
  4.653960 6.633318
  7.444249 0.693147
  8.079618 1.098612
  6.562444 2.890372
  6.142037 3.850148
  6.774224 2.772589
  4.905275 6.171701
  4.543295 6.871091
  7.340836 1.945910
  7.242798 1.386294
  7.415777 1.791759
  4.912655 6.113682
  5.389072 5.323010
  8.519989 0.693147
  7.847763 1.386294
  6.388561 3.663562
  7.404888 1.386294
  5.937536 4.174387
  7.778211 1.098612
  7.940584 1.098612
  8.181441 1.386294
  4.709530 6.517671
  7.470224 1.386294
  6.584791 2.772589
  7.330405 2.079442
  7.946971 0.693147
  7.526718 0.693147
  7.299121 2.197225
  6.054439 4.189655
  7.540090 1.386294
  7.074963 2.302585
  3.433987 8.465689
  6.113682 4.060443
  7.588830 1.098612
  6.148468 4.007333
  7.816820 0.693147
  7.598399 1.386294
  5.693732 4.653960
  7.320527 1.945910
  8.365905 0.693147
  7.592870 1.098612
  7.804251 1.386294
  5.170484 5.572154
  7.161622 1.945910
  7.479864 1.609438
  7.440734 1.386294
  7.140453 1.945910
  7.537430 1.386294
  7.875879 1.098612
  6.729824 2.772589
  7.213032 2.079442
  7.323171 1.098612
  7.669962 0.693147
  5.837730 4.700480
  6.184149 4.094345
  7.172425 1.386294
  2.079442 10.388133
  5.463832 5.204007
  7.959276 0.693147
  7.158514 2.564949
  6.947937 2.397895
  6.244167 3.912023
  7.868254 0.693147
  5.030438 5.976351
  8.106213 0.693147
  7.857868 0.693147
  7.469084 1.098612
  4.595120 6.727432
  6.957497 2.708050
  6.999422 2.484907
  6.670766 2.995732
  7.293018 1.386294
  4.007333 7.492203
  5.894403 4.553877
  7.571988 1.098612
  6.683361 2.944439
  7.266827 1.386294
  6.647688 3.091042
  7.548029 1.386294
  6.912743 2.772589
  8.084254 0.693147
  8.535426 0.693147
  3.806662 7.795647
  5.111988 5.710427
  7.583756 0.693147
  5.476464 4.962845
  8.069968 1.386294
  7.822445 0.693147
  7.315218 1.386294
  7.451822 1.609438
  6.963190 2.772589
  7.599902 0.693147
  7.663408 0.693147
  7.204149 1.791759
  7.183871 2.302585
  7.167809 2.197225
  7.056175 2.197225
  6.823286 2.944439
  8.033658 0.693147
  7.092574 2.564949
  6.945051 2.772589
  7.778630 0.693147
  6.834109 2.890372
  7.494430 1.386294
  7.929126 0.693147
  6.909753 2.639057
  6.575076 3.135494
  7.179308 2.708050
  7.358831 1.098612
  7.873978 0.693147
  6.416732 3.135494
  7.023759 2.944439
  5.921578 4.477337
  7.297091 2.397895
  6.660575 2.890372
  7.428333 1.609438
  7.802618 0.693147
  6.892642 2.564949
  8.315077 0.693147
  5.676754 4.727388
  7.862882 1.098612
  7.728416 1.098612
  7.702556 1.098612
  7.579168 1.098612
  6.970730 2.708050
  7.645398 1.098612
  7.204893 1.386294
  6.986566 2.833213
  8.298291 0.693147
  7.511525 1.386294
  5.099866 5.758902
  7.555382 0.693147
  7.849714 0.693147
  4.804021 6.336826
  6.472346 3.367296
  6.663133 2.944439
  7.471363 1.098612
  5.356586 5.288267
  6.773080 3.044522
  7.410347 1.386294
  3.688879 7.986845
  4.330733 7.144407
  4.465908 6.976348
  8.531490 0.693147
  7.972121 0.693147
  7.698936 0.693147
  6.267201 3.931826
  7.375882 1.386294
  7.435438 0.693147
  7.539027 1.098612
  7.645876 0.693147
  7.316548 2.197225
  6.959399 2.708050
  6.665684 2.890372
  7.249926 1.609438
  8.190909 0.693147
  5.683580 4.948760
  7.246368 1.945910
  7.570959 1.098612
  7.544861 0.693147
  7.657755 1.098612
  7.649693 0.693147
  6.190315 3.828641
  7.300473 2.302585
  7.855545 1.098612
  6.253829 3.871201
  6.541030 3.044522
  6.013715 4.248495
  7.227662 1.098612
  6.719013 3.091042
  7.355002 1.791759
  7.288928 1.386294
  6.923629 2.995732
  7.763021 1.098612
  6.456770 3.583519
  7.475339 0.693147
  6.940222 2.639057
  7.561122 0.693147
  3.332205 8.579041
  6.393591 3.526361
  6.476972 3.295837
  7.399398 1.098612
  7.484930 1.098612
  4.897840 6.208590
  3.761200 7.867871
  7.669028 0.693147
  7.408531 0.693147
  2.995732 9.100749
  5.293305 5.537334
  7.564757 0.693147
  7.795647 1.386294
  6.311735 3.583519
  7.003065 2.944439
  6.284134 3.806662
  7.218910 1.945910
  6.913737 2.772589
  8.280458 0.693147
  6.045005 4.043051
  7.100027 2.079442
  8.163371 0.693147
  7.119636 2.079442
  7.319202 1.386294
  7.554335 1.098612
  7.878913 0.693147
  7.363914 1.609438
  6.548219 3.367296
  6.771936 2.197225
  4.204693 7.311218
  6.673298 2.995732
  7.555905 1.609438
  7.055313 2.639057
  7.418781 1.609438
  7.244942 1.791759
  0.000000 13.881539
  8.320692 0.693147
  7.564238 1.609438
  7.498870 1.098612
  7.145984 2.708050
  7.419381 1.098612
  2.197225 10.148040
  7.488853 1.386294
  6.502790 2.564949
  7.305860 2.079442
  6.222576 4.143135
  7.853216 1.098612
  6.753438 2.708050
  8.594154 1.386294
  8.632128 0.693147
  3.555348 8.274102
  7.832808 0.693147
  7.685244 1.386294
  7.674153 1.098612
  4.927254 6.028279
  7.297768 1.609438
  8.276649 0.693147
  6.102559 4.025352
  6.499787 3.258097
  7.430707 1.945910
  8.926518 0.693147
  5.700444 4.753590
  7.803843 0.693147
  7.761319 1.386294
  8.138273 1.098612
  5.308268 5.398163
  6.731018 3.178054
  7.368970 1.791759
  7.249215 1.945910
  7.229114 1.098612
  6.770789 2.890372
  6.272877 3.713572
  5.537334 5.010635
  7.609862 1.386294
  7.221836 2.397895
  7.551187 1.098612
  7.434848 0.693147
  6.545350 3.218876
  7.295735 1.609438
  6.347389 3.401197
  7.617268 1.098612
  7.051856 2.484907
  6.129050 4.174387
  5.852202 4.488636
  7.467942 1.791759
  7.836370 0.693147
  4.663439 6.692084
  4.753590 6.439350
  6.018593 4.330733
  6.496775 3.583519
  6.077642 4.127134
  7.993282 0.693147
  6.717805 3.401197
  4.406719 7.041412
  6.079933 4.219508
  6.052089 4.248495
  6.236370 3.688879
  5.370638 5.192957
  7.336286 1.791759
  8.366835 0.693147
  5.888878 4.672829
  7.515345 0.693147
  7.698483 0.693147
  8.314342 0.693147
  6.863803 3.295837
  6.983790 2.772589
  7.661998 0.693147
  7.438972 1.098612
  7.830028 0.693147
  5.411646 5.209486
  6.396930 3.465736
  6.675823 3.044522
  8.092851 0.693147
  7.541152 1.098612
  5.361292 5.273000
  7.967973 0.693147
  5.793014 4.718499
  6.919684 2.564949
  5.652489 4.727388
  6.765039 3.044522
  7.338238 1.791759
  6.226537 3.806662
  7.351800 1.098612
  7.672758 0.693147
  7.521318 0.693147
  5.587249 5.030438
  7.303843 1.945910
  7.652071 0.693147
  7.650645 0.693147
  6.442540 3.367296
  7.139660 2.079442
  8.788746 0.693147
  7.660114 0.693147
  7.452982 1.098612
  8.059276 0.693147
  5.638355 4.948760
  6.866933 2.484907
  7.396949 0.693147
  7.896925 0.693147
  7.232733 2.397895
  7.487174 1.386294
  6.196444 4.025352
  7.686621 0.693147
  8.027803 0.693147
  7.598900 1.386294
  7.020191 2.708050
  8.374938 0.693147
  5.631212 4.875197
  7.623642 1.791759
  7.093405 2.197225
  6.655440 2.833213
  6.126869 4.189655
  7.318540 1.791759
  6.806829 2.833213
  6.821107 2.833213
  7.124478 2.397895
  7.003974 2.772589
  7.197435 2.079442
  4.919981 6.159095
  5.796058 4.574711
  6.651572 3.401197
  5.068904 5.823046
  5.209486 5.463832
  7.149132 2.484907
  6.700731 3.178054
  7.751045 0.693147
  6.093570 4.276666
  6.998510 2.564949
  6.538140 3.044522
  8.159947 0.693147
  4.718499 6.510258
  7.409742 0.693147
  8.192017 0.693147
  7.932362 0.693147
  8.031710 0.693147
  6.023448 4.158883
  7.540622 0.693147
  7.796469 0.693147
  7.079184 2.079442
  7.084226 2.564949
  6.857514 2.302585
  6.212606 3.970292
  7.888710 1.098612
  7.793174 1.609438
  6.605298 2.995732
  5.501258 5.003946
  7.336937 1.945910
  7.441907 1.098612
  7.837949 0.693147
  6.712956 3.178054
  7.607878 1.098612
  7.901748 0.693147
  7.964503 0.693147
  7.557995 0.693147
  7.146772 2.079442
  6.461468 3.218876
  7.893572 0.693147
  7.681560 0.693147
  4.343805 7.129298
  7.403670 1.945910
  8.164510 0.693147
  7.376508 1.098612
  7.270313 1.609438
  7.194437 2.708050
  7.782390 0.693147
  7.658228 0.693147
  7.687997 0.693147
  6.242223 3.970292
  7.075809 2.772589
  7.492760 1.386294
  7.490529 1.098612
  8.219595 0.693147
  8.803725 0.693147
  8.239857 0.693147
  7.233455 2.302585
  7.196687 2.397895
  4.770685 6.453625
  6.688355 3.178054
  7.390181 1.791759
  7.478735 1.386294
  4.477337 6.985642
  7.986505 0.693147
  5.966147 4.430817
  8.357963 0.693147
  3.891820 7.692570
  3.135494 8.850947
  8.312626 0.693147
  6.308098 3.713572
  7.017506 2.639057
  8.114624 1.386294
  7.910591 0.693147
  6.566672 3.332205
  7.106606 2.397895
  5.231109 5.583496
  6.893656 2.833213
  7.379008 1.098612
  7.104144 2.079442
  7.605890 1.609438
  3.737670 7.921173
  3.526361 8.413165
  7.491645 1.386294
  7.623153 1.386294
  7.447168 1.386294
  6.285998 3.871201
  7.620705 0.693147
  7.165493 1.945910
  7.271704 1.609438
  7.755767 1.098612
  4.787492 6.390241
  6.620073 2.944439
  7.369601 1.945910
  7.734559 0.693147
  7.110696 1.945910
  7.774015 0.693147
  7.442493 1.386294
  6.297109 3.688879
  7.006695 2.079442
  8.118207 0.693147
  8.228444 0.693147
  7.386471 1.609438
  7.723120 1.609438
  6.898715 2.639057
  6.617403 3.218876
  7.268920 1.791759
  7.077498 2.302585
  7.195187 1.791759
  7.980366 0.693147
  7.765993 0.693147
  7.635304 1.098612
  5.624018 4.553877
  5.817111 4.634729
  7.458186 0.693147
  6.313548 3.583519
  7.901377 0.693147
  7.397562 0.693147
  7.502186 0.693147
  8.522380 1.098612
  7.421776 1.098612
  7.758333 0.693147
  7.465655 1.098612
  7.198184 1.609438
  5.746203 4.770685
  7.552237 1.386294
  8.018296 0.693147
  5.846439 4.672829
  5.579730 5.036953
  6.381816 3.637586
  7.190676 2.708050
  7.059618 2.197225
  8.053569 0.693147
  7.208600 1.945910
  7.068172 2.197225
  8.002694 0.693147
  7.604396 0.693147
  7.692570 1.386294
  7.636270 1.386294
  7.849324 0.693147
  7.987864 0.693147
  7.613819 0.693147
  7.514800 0.693147
  6.369901 3.850148
  6.405228 3.433987
  7.293698 1.945910
  8.603004 0.693147
  5.762051 4.812184
  5.468060 5.135798
  7.739359 0.693147
  8.457655 0.693147
  7.589336 2.079442
  7.889459 0.693147
  7.768533 0.693147
  5.811141 4.700480
  5.820083 4.454347
  8.462315 0.693147
  6.929517 2.833213
  7.373374 1.098612
  7.667626 0.693147
  7.808729 0.693147
  6.721426 2.708050
  8.169053 0.693147
  6.208590 4.025352
  6.436150 3.332205
  6.232448 3.850148
  6.727432 2.708050
  8.184793 0.693147
  7.245655 1.945910
  6.320768 3.401197
  7.211557 2.302585
  8.360773 1.098612
  7.743703 1.791759
  5.545177 5.068904
  7.681099 0.693147
  7.916443 0.693147
  7.087574 2.079442
  7.884953 0.693147
  7.909857 1.098612
  7.862497 0.693147
  8.167919 0.693147
  7.859413 1.098612
  7.325149 2.302585
  7.582229 0.693147
  7.322510 2.079442
  6.878326 2.639057
  7.109879 1.791759
  7.529406 1.609438
  7.566828 0.693147
  7.528332 1.098612
  7.841493 0.693147
  5.416100 5.187386
  7.441320 1.609438
  5.594711 4.875197
  9.584659 0.693147
  5.337538 5.273000
  6.037871 4.418841
  6.880384 2.197225
  7.520235 0.693147
  7.264030 1.791759
  8.187299 0.693147
  6.901737 2.564949
  6.240276 3.891820
  6.507278 3.295837
  7.097549 2.484907
  8.052296 0.693147
  7.290293 1.609438
  6.218600 3.737670
  4.615121 6.776507
  7.037906 2.944439
  6.133398 4.025352
  8.093157 0.693147
  7.549083 1.098612
  6.030685 4.276666
  7.273786 2.197225
  6.366470 3.433987
  7.217443 1.386294
  8.387995 0.693147
  5.521461 5.056246
  7.838343 1.098612
  7.476472 0.693147
  7.473069 1.098612
  6.694562 2.890372
  7.251345 2.484907
  6.478510 3.433987
  7.156177 2.079442
  7.487734 1.098612
  7.049255 2.484907
  7.455877 1.098612
  7.108244 2.302585
  8.264621 1.098612
  7.167038 2.079442
  8.202208 0.693147
  6.867974 2.772589
  7.033506 2.564949
  6.280396 3.891820
  7.687080 1.098612
  7.429521 1.609438
  7.767687 1.098612
  7.949091 0.693147
  7.775276 1.386294
  8.014666 0.693147
  7.109062 1.791759
  8.414274 0.693147
  3.784190 7.829233
  7.142037 2.079442
  5.998937 4.430817
  6.431331 3.737670
  7.716906 1.098612
  2.944439 9.121837
  5.749393 4.812184
  6.859615 3.091042
  7.523481 0.693147
  6.885510 2.484907
  7.388328 1.386294
  5.958425 4.330733
  8.251142 0.693147
  7.797291 1.098612
  7.987185 0.693147
  5.442418 5.225747
  7.431892 1.386294
  7.101676 2.639057
  8.616133 0.693147
  8.216088 1.098612
  6.813445 2.833213
  6.309918 3.637586
  7.187657 1.945910
  7.948032 0.693147
  5.342334 5.303305
  6.760415 2.639057
  5.968708 4.356709
  7.520776 1.098612
  8.179760 0.693147
  7.329094 1.609438
  6.616065 2.995732
  5.910797 4.605170
  6.580639 3.332205
  7.688913 0.693147
  7.726213 0.693147
  7.384610 0.693147
  7.026427 2.772589
  7.943783 1.098612
  7.367709 2.079442
  7.584773 0.693147
  7.771489 0.693147
  5.971262 4.382027
  7.624619 0.693147
  6.180017 3.583519
  7.881182 0.693147
  6.481577 3.526361
  8.179200 0.693147
  5.459586 4.969813
  7.312553 1.609438
  6.761573 2.772589
  4.727388 6.545350
  5.198497 5.583496
  7.926603 1.098612
  6.993015 2.890372
  7.266129 1.945910
  7.291656 1.386294
  7.387709 1.386294
  7.243513 1.791759
  8.055792 1.386294
  5.872118 4.510860
  6.716595 2.944439
  7.154615 2.484907
  7.473637 0.693147
  7.717351 0.693147
  4.234107 7.244942
  8.284757 0.693147
  6.965080 1.791759
  6.754604 3.135494
  6.752270 2.197225
  5.560682 4.795791
  6.498282 3.218876
  7.863651 1.386294
  7.315884 1.609438
  5.204007 5.545177
  5.978886 4.418841
  6.697034 3.218876
  7.556428 1.098612
  5.620401 4.753590
  6.593045 3.044522
  7.720462 1.386294
  7.577634 1.609438
  7.461066 1.609438
  7.253470 1.945910
  7.426549 2.302585
  8.181161 0.693147
  6.553933 3.135494
  8.271037 0.693147
  6.829794 2.772589
  7.305188 1.386294
  5.948035 4.248495
  6.437752 3.526361
  7.614312 1.098612
  5.036953 5.929589
  7.508239 1.098612
  8.036897 0.693147
  5.799093 4.653960
  7.237059 1.386294
  6.952729 2.564949
  7.892826 0.693147
  7.724447 0.693147
  6.588926 3.218876
  7.259116 2.197225
  7.018402 2.833213
  4.290459 7.170120
  5.758902 4.787492
  7.153052 1.609438
  7.709757 0.693147
  6.936343 2.833213
  5.023881 5.916202
  7.118826 2.772589
  8.341649 0.693147
  6.804615 2.890372
  4.882802 6.118097
  7.546446 1.098612
  7.810758 1.098612
  7.480428 0.693147
  7.666690 0.693147
  8.574896 0.693147
  7.759187 0.693147
  7.503290 1.791759
  6.726233 2.890372
  7.420579 1.098612
  7.622175 0.693147
  7.853605 0.693147
  5.351858 5.303305
  7.326466 2.397895
  6.876265 2.708050
  7.562681 0.693147
  7.256297 1.945910
  7.334982 1.098612
  7.632886 1.098612
  6.378426 3.737670
  5.666427 4.859812
  7.301148 1.098612
  7.965893 0.693147
  6.390241 3.713572
  7.198931 1.945910
  8.028455 0.693147
  8.470311 0.693147
  7.919356 1.098612
  6.610696 3.332205
  7.496652 1.945910
  7.029973 2.397895
  7.234898 1.791759
  4.836282 6.369901
  7.120444 2.639057
  6.708084 3.044522
  7.567346 1.386294
  7.047517 1.609438
  5.541264 4.852030
  5.902633 4.454347
  5.883322 4.510860
  7.014814 2.484907
  6.255750 3.828641
  6.590301 3.295837
  7.175490 1.386294
  5.934894 4.406719
  7.780721 0.693147
  8.192847 0.693147
  7.082549 2.890372
  8.095599 0.693147
  4.248495 7.307202
  5.840642 4.709530
  6.766192 2.708050
  7.457609 1.098612
  2.708050 9.446519
  6.599870 3.178054
  5.697093 4.744932
  5.726848 4.653960
  8.216628 0.693147
  7.603898 0.693147
  4.382027 7.101676
  6.794587 3.135494
  6.003887 4.143135
  6.276643 3.713572
  7.925519 0.693147
  8.042056 0.693147
  6.941190 2.833213
  7.076654 1.945910
  7.117206 1.791759
  6.779922 2.833213
  6.950815 2.708050
  5.730100 4.700480
  7.530480 1.609438
  7.524021 0.693147
  4.262680 7.207860
  7.170888 1.386294
  7.126087 1.945910
  7.617760 0.693147
  5.736572 4.882802
  7.534763 1.791759
  8.027150 0.693147
  7.646354 0.693147
  8.316056 0.693147
  6.907755 2.302585
  7.325808 0.693147
  7.909122 0.693147
  7.281386 1.609438
  6.513230 3.295837
  6.826545 2.772589
  8.084562 0.693147
  6.961296 2.079442
  5.814131 4.644391
  7.186901 2.302585
  6.167516 4.158883
  8.665441 0.693147
  5.135798 5.676754
  7.653969 0.693147
  6.782192 2.772589
  7.647309 1.386294
  8.058011 1.098612
  5.983936 4.406719
  6.841615 2.890372
  8.235891 0.693147
  7.201171 1.791759
  8.128880 0.693147
  5.986452 4.330733
  6.679599 3.044522
  7.516433 1.386294
  5.743003 4.828314
  6.161207 3.970292
  6.934397 2.484907
  6.960348 2.564949
  7.905442 1.098612
  8.167352 0.693147
  5.780744 4.672829
  7.458763 1.386294
  6.811244 2.708050
  6.720220 2.890372
  7.585789 0.693147
  5.192957 5.552960
  7.842279 0.693147
  7.899153 0.693147
  7.508787 1.098612
  8.129175 0.693147
  6.618739 2.833213
  6.643790 2.833213
  7.463363 1.386294
  5.049856 5.837730
  8.432724 1.098612
  6.938284 1.945910
  7.352441 1.386294
  2.772589 9.409355
  7.236339 1.945910
  7.921173 0.693147
  7.457032 1.386294
  4.672829 6.695799
  5.556828 5.030438
  8.176673 0.693147
  7.764296 1.609438
  7.788212 1.386294
  5.267858 5.572154
  6.357842 3.688879
  7.990577 0.693147
  7.615298 1.098612
  7.314553 1.609438
  7.773174 0.693147
  6.606650 3.332205
  5.926926 4.262680
  6.368187 3.688879
  6.861711 2.564949
  7.102499 2.197225
  5.484797 5.087596
  7.593878 1.098612
  6.204558 4.077537
  7.406103 1.386294
  7.347300 0.693147
  5.855072 4.644391
  7.542744 0.693147
  4.844187 6.255750
  5.075174 5.852202
  7.374629 1.098612
  4.691348 6.586172
  6.352629 3.610918
  6.989335 2.197225
  6.075346 4.204693
  7.663877 1.098612
  6.453625 3.178054
  6.748760 3.135494
  6.974479 2.564949
  8.163656 1.098612
  7.257003 1.609438
  6.546785 3.044522
  6.988413 2.564949
  6.740519 2.772589
  8.119994 0.693147
  7.596392 1.609438
  6.171701 3.713572
  6.359574 3.912023
  7.370231 1.098612
  8.048469 0.693147
  7.925158 1.098612
  7.499977 1.791759
  4.276666 7.229114
  7.277939 1.945910
  7.324490 1.098612
  7.818832 0.693147
  6.200509 3.871201
  7.164720 2.197225
  8.393669 0.693147
  5.961005 4.418841
  6.874198 2.772589
  7.063904 2.639057
  7.021084 2.639057
  6.851185 2.772589
  7.061334 2.079442
  8.112528 0.693147
  6.423247 3.401197
  6.061457 4.262680
  9.096836 0.693147
  6.635947 3.044522
  7.517521 1.098612
  6.428105 3.218876
  7.183112 2.302585
  7.580700 1.609438
  7.742836 1.098612
  8.188689 0.693147
  6.613384 2.639057
  7.697575 0.693147


#Effective dimension as average <k_out>/2 = 1.655884
#real    39m30.570s
#user    23m17.958s
#sys     1m10.812s
#
#GNUPLOT
#set xlabel "log(k)"
#set ylabel "log N(k)"
#set term pdf monochrome
#set output "itdk_degree.pdf"
#plot "itdk_degree_data" using 1:2
