1 0.000000 0.000000
2 0.000000 0.000000
3 5.111779 0.120808
4 4.816598 0.119258
5 4.671940 0.119535
6 4.590889 0.120117
7 4.540453 0.120566
8 4.506259 0.120813
9 4.481307 0.120885
10 4.461880 0.120791
11 4.445861 0.120508
12 4.431969 0.120011
13 4.419397 0.119280
14 4.407624 0.118299
15 4.396308 0.117055
16 4.385226 0.115541
17 4.374231 0.113758
18 4.363223 0.111715
19 4.352130 0.109421
# Max 5.17456592180397 for 5
# Max 5.17456592180397 for 5
# Max 5.217438942699981 for 5
# Max 5.22162281053539 for 5
# Max 5.22162281053539 for 5
# Max 4.975528610085659 for 5
# Max 5.17894039929738 for 5
# Max 5.22162281053539 for 5
# Max 4.980907874289361 for 5
# Max 4.931373881438257 for 5
# Max 4.931373881438257 for 5
