1 0.000000 0.000000
2 0.000000 0.000000
3 2.953101 0.075885
4 2.990501 0.075111
5 3.010301 0.073718
6 3.021697 0.072208
7 3.028513 0.070781
8 3.032659 0.069520
9 3.035196 0.068454
10 3.036705 0.067566
11 3.037473 0.066811
12 3.037655 0.066149
13 3.037373 0.065568
14 3.036727 0.065065
15 3.035791 0.064638
16 3.034611 0.064279
17 3.033218 0.063970
18 3.031631 0.063690
19 3.029866 0.063433
20 3.027942 0.063196
21 3.025888 0.062979
22 3.023736 0.062776
23 3.021508 0.062586
24 3.019220 0.062410
25 3.016885 0.062241
26 3.014512 0.062075
27 3.012111 0.061907
28 3.009687 0.061735
29 3.007244 0.061555
30 3.004787 0.061366
31 3.002321 0.061168
32 2.999850 0.060960
33 2.997376 0.060743
34 2.994903 0.060516
35 2.992432 0.060279
36 2.989963 0.060030
37 2.987499 0.059770
38 2.985040 0.059500
39 2.982587 0.059222
40 2.980141 0.058939
41 2.977705 0.058652
42 2.975282 0.058362
43 2.972873 0.058073
44 2.970480 0.057787
45 2.968106 0.057504
46 2.965751 0.057226
47 2.963417 0.056952
48 2.961102 0.056682
49 2.958805 0.056415
50 2.956526 0.056148
51 2.954265 0.055881
52 2.952020 0.055613
53 2.949792 0.055343
54 2.947580 0.055069
55 2.945382 0.054791
56 2.943197 0.054507
57 2.941022 0.054216
58 2.938858 0.053917
59 2.936701 0.053608
60 2.934553 0.053290
61 2.932412 0.052961
62 2.930278 0.052621
63 2.928150 0.052270
64 2.926028 0.051909
65 2.923913 0.051537
66 2.921804 0.051155
67 2.919701 0.050765
68 2.917604 0.050367
69 2.915513 0.049961
70 2.913427 0.049549
71 2.911348 0.049131
72 2.909274 0.048708
73 2.907206 0.048278
74 2.905144 0.047844
75 2.903088 0.047405
76 2.901038 0.046961
77 2.898994 0.046513
78 2.896956 0.046060
79 2.894923 0.045603
80 2.892895 0.045141
81 2.890872 0.044676
82 2.888853 0.044206
83 2.886838 0.043733
84 2.884825 0.043257
85 2.882816 0.042777
86 2.880808 0.042295
87 2.878802 0.041811
88 2.876795 0.041323
89 2.874788 0.040831
90 2.872780 0.040336
91 2.870769 0.039836
92 2.868755 0.039332
93 2.866737 0.038824
94 2.864713 0.038313
95 2.862683 0.037799
96 2.860646 0.037282
97 2.858601 0.036763
98 2.856547 0.036242
99 2.854483 0.035720
#Max 3.049915706501561
#Max 3.0716046238247863
#Max 3.066797333207033
#Max 3.071134775566201
#Max 3.0716046238247863
#Max 3.0205586751439273
#Max 3.071134775566201
#Max 2.8796030741758973
#Max 3.0716900259865425
#Max 3.0683513978844177
#Max 3.071428294189241
