1 0.000000 0.000000
2 0.000000 0.000000
3 2.280525 0.037809
4 2.276202 0.045301
5 2.265860 0.049887
6 2.254631 0.052993
7 2.243053 0.054887
8 2.231759 0.056078
9 2.220950 0.056795
10 2.210668 0.057133
11 2.200835 0.057551
12 2.191371 0.058324
13 2.182441 0.059429
14 2.174093 0.060815
15 2.166427 0.062259
16 2.159308 0.063749
17 2.152633 0.065277
18 2.146445 0.066780
19 2.140701 0.068246
20 2.135359 0.069669
21 2.130381 0.071045
22 2.125733 0.072373
23 2.121422 0.073634
24 2.117413 0.074827
25 2.113676 0.075954
26 2.110183 0.077016
27 2.106895 0.077996
28 2.103777 0.078881
29 2.100819 0.079685
30 2.098010 0.080415
31 2.095341 0.081082
32 2.092803 0.081691
33 2.090370 0.082249
34 2.088003 0.082778
35 2.085684 0.083294
36 2.083434 0.083782
37 2.081251 0.084243
38 2.079136 0.084680
39 2.077072 0.085097
40 2.075049 0.085498
41 2.073060 0.085877
42 2.071091 0.086201
43 2.069119 0.086447
44 2.067140 0.086609
45 2.065164 0.086688
46 2.063197 0.086694
47 2.061243 0.086637
48 2.059298 0.086523
49 2.057354 0.086352
50 2.055411 0.086125
51 2.053473 0.085849
52 2.051544 0.085529
53 2.049622 0.085165
54 2.047701 0.084755
55 2.045778 0.084305
56 2.043857 0.083818
57 2.041945 0.083300
58 2.040041 0.082750
59 2.038140 0.082161
60 2.036231 0.081523
61 2.034304 0.080823
62 2.032358 0.080064
63 2.030396 0.079252
64 2.028417 0.078393
65 2.026424 0.077491
66 2.024419 0.076549
67 2.022405 0.075571
68 2.020378 0.074563
69 2.018338 0.073532
70 2.016290 0.072478
71 2.014233 0.071401
72 2.012171 0.070305
73 2.010103 0.069189
74 2.008033 0.068056
75 2.005956 0.066903
76 2.003873 0.065729
77 2.001784 0.064536
78 1.999694 0.063324
79 1.997602 0.062093
80 1.995511 0.060845
81 1.993419 0.059580
82 1.991327 0.058299
83 1.989239 0.057005
84 1.987153 0.055698
85 1.985070 0.054380
86 1.982987 0.053054
87 1.980905 0.051727
88 1.978823 0.050400
89 1.976742 0.049073
90 1.974663 0.047745
91 1.972580 0.046429
92 1.970487 0.045134
93 1.968382 0.043855
94 1.966261 0.042592
95 1.964124 0.041349
96 1.961964 0.040131
97 1.959779 0.038937
98 1.957570 0.037768
99 1.955336 0.036627
# Max 2.1609640474436813
# Max 2.2924812503605785
# Max 2.2924812503605785
# Max 2.2924812503605785
# Max 2.2924812503605785
# Max 2.2924812503605785
# Max 2.2924812503605785
# Max 2.2924812503605785
# Max 2.2924812503605785
# Max 2.2924812503605785
# Max 2.2924812503605785