3 2.073531 0.093050
4 2.019952 0.087861
5 1.993718 0.084803
6 1.978286 0.082375
7 1.968055 0.080274
8 1.960918 0.078534
9 1.955747 0.077103
10 1.951890 0.075916
11 1.948948 0.074919
12 1.946664 0.074066
13 1.944866 0.073326
14 1.943435 0.072674
15 1.942286 0.072092
16 1.941258 0.071788
17 1.940296 0.071639
18 1.939365 0.071570
19 1.938479 0.071557
20 1.937644 0.071583
21 1.936861 0.071637
22 1.936069 0.071724
23 1.935179 0.071820
24 1.934164 0.071891
25 1.932992 0.071983
26 1.931661 0.072135
27 1.930248 0.072289
28 1.928804 0.072428
29 1.927336 0.072546
30 1.925831 0.072630
31 1.924297 0.072678
32 1.922750 0.072696
33 1.921200 0.072692
34 1.919647 0.072662
35 1.918091 0.072606
36 1.916530 0.072523
37 1.914964 0.072415
38 1.913392 0.072280
39 1.911814 0.072118
40 1.910228 0.071932
41 1.908621 0.071714
42 1.906986 0.071457
43 1.905335 0.071167
44 1.903666 0.070846
45 1.901981 0.070496
46 1.900293 0.070120
47 1.898606 0.069723
48 1.896924 0.069307
49 1.895251 0.068875
50 1.893589 0.068431
51 1.891931 0.067965
52 1.890274 0.067473
53 1.888619 0.066956
54 1.886970 0.066417
55 1.885329 0.065859
56 1.883697 0.065283
57 1.882080 0.064693
58 1.880476 0.064089
59 1.878889 0.063471
60 1.877321 0.062843
61 1.875765 0.062199
62 1.874212 0.061532
63 1.872660 0.060844
64 1.871106 0.060136
65 1.869550 0.059405
66 1.867989 0.058653
67 1.866427 0.057885
68 1.864863 0.057101
69 1.863295 0.056300
70 1.861723 0.055484
71 1.860152 0.054657
72 1.858580 0.053818
73 1.857003 0.052963
74 1.855418 0.052091
75 1.853827 0.051205
76 1.852231 0.050304
77 1.850624 0.049395
78 1.848998 0.048482
79 1.847353 0.047558
80 1.845679 0.046626
81 1.843975 0.045691
82 1.842242 0.044753
83 1.840482 0.043812
84 1.838697 0.042867
85 1.836886 0.041919
86 1.835047 0.040970
87 1.833183 0.040020
88 1.831293 0.039069
89 1.829382 0.038118
90 1.827451 0.037165
91 1.825503 0.036213
92 1.823542 0.035265
93 1.821572 0.034325
94 1.819595 0.033390
95 1.817611 0.032461
96 1.815618 0.031541
97 1.813613 0.030632
98 1.811596 0.029732
99 1.809570 0.028843

#Max 2.1129589721642956
#Max 2.1129589721642956
#Max 2.1129589721642956
#Max 1.8004726398431625
#Max 2.1129589721642956
#Max 1.9917407707707178
#Max 2.1129589721642956
#Max 2.1129589721642956
#Max 2.1129589721642956
#Max 2.1129589721642956
#Max 2.1129589721642956

#set xlabel "Hops from origin"
#set ylabel "Dimension"
#set term pdf monochrome
#set output "hyper2.pdf"
#plot "hyper2" using 1:3 w Yerrorbars

