3 2.698038 0.145231
4 2.663783 0.138352
5 2.655403 0.133545
6 2.655355 0.129696
7 2.658396 0.126478
8 2.662603 0.123727
9 2.667184 0.121340
10 2.671745 0.119224
11 2.676071 0.117302
12 2.680066 0.115523
13 2.683711 0.113857
14 2.687011 0.112291
15 2.689979 0.110827
16 2.692620 0.109472
17 2.694948 0.108230
18 2.696984 0.107094
19 2.698762 0.106055
20 2.700313 0.105100
21 2.701660 0.104218
22 2.702826 0.103400
23 2.703824 0.102635
24 2.704660 0.101913
25 2.705338 0.101226
26 2.705864 0.100566
27 2.706245 0.099927
28 2.706489 0.099304
29 2.706608 0.098693
30 2.706612 0.098090
31 2.706510 0.097489
32 2.706310 0.096887
33 2.706021 0.096284
34 2.705647 0.095682
35 2.705195 0.095082
36 2.704670 0.094486
37 2.704077 0.093892
38 2.703422 0.093302
39 2.702710 0.092715
40 2.701947 0.092131
41 2.701138 0.091549
42 2.700288 0.090969
43 2.699401 0.090389
44 2.698481 0.089811
45 2.697532 0.089232
46 2.696553 0.088654
47 2.695547 0.088074
48 2.694515 0.087494
49 2.693459 0.086913
50 2.692382 0.086331
51 2.691286 0.085749
52 2.690173 0.085165
53 2.689043 0.084580
54 2.687898 0.083994
55 2.686740 0.083405
56 2.685571 0.082814
57 2.684393 0.082221
58 2.683206 0.081627
59 2.682012 0.081029
60 2.680810 0.080430
61 2.679601 0.079828
62 2.678385 0.079223
63 2.677163 0.078616
64 2.675933 0.078006
65 2.674698 0.077392
66 2.673456 0.076774
67 2.672210 0.076153
68 2.670959 0.075529
69 2.669703 0.074900
70 2.668444 0.074269
71 2.667180 0.073633
72 2.665913 0.072994
73 2.664642 0.072351
74 2.663367 0.071704
75 2.662088 0.071054
76 2.660806 0.070399
77 2.659520 0.069741
78 2.658230 0.069079
79 2.656936 0.068413
80 2.655637 0.067743
81 2.654332 0.067069
82 2.653022 0.066391
83 2.651704 0.065708
84 2.650379 0.065021
85 2.649045 0.064328
86 2.647703 0.063631
87 2.646350 0.062928
88 2.644986 0.062221
89 2.643610 0.061509
90 2.642220 0.060794
91 2.640817 0.060075
92 2.639398 0.059353
93 2.637965 0.058628
94 2.636515 0.057900
95 2.635048 0.057169
96 2.633565 0.056435
97 2.632064 0.055698
98 2.630547 0.054959
99 2.629012 0.054217


#Max 2.743964103104587
#Max 2.509815360372884
#Max 2.743964103104587
#Max 2.754152812756238
#Max 2.756183846709435
#Max 2.743964103104587
#Max 2.743964103104587
#Max 2.766684312984902
#Max 2.773054753612296
#Max 2.7524607947164537
#Max 2.7831564563646003

